0	1
0	6
0	8
0	18
0	23
0	27
0	33
0	55
0	56
0	57
0	58
0	63
0	70
0	74
0	75
0	80
0	84
0	85
0	86
0	90
1	16
1	21
1	22
1	28
1	33
1	38
1	41
1	42
1	46
1	48
1	58
1	62
1	64
1	71
1	76
1	79
1	91
1	95
1	96
2	24
2	30
2	34
2	41
2	49
2	50
2	55
2	56
2	59
2	60
2	71
2	84
3	12
3	14
3	15
3	17
3	43
3	53
3	54
3	62
3	76
3	80
3	81
3	84
3	87
3	98
4	34
4	35
4	38
4	43
4	46
4	50
4	56
4	62
4	67
4	70
4	78
4	82
4	84
4	85
4	88
4	91
4	98
5	8
5	16
5	21
5	24
5	25
5	30
5	64
5	71
5	80
5	90
5	94
5	98
6	17
6	19
6	25
6	27
6	29
6	35
6	36
6	44
6	46
6	48
6	62
6	63
6	68
6	87
6	90
6	94
7	8
7	14
7	52
7	53
7	59
7	77
7	83
8	12
8	28
8	32
8	39
8	40
8	43
8	51
8	53
8	55
8	72
8	81
8	91
8	92
8	93
9	10
9	13
9	15
9	24
9	26
9	50
9	53
9	57
9	71
10	12
10	16
10	19
10	24
10	35
10	39
10	41
10	44
10	59
10	61
10	69
10	71
10	90
10	93
10	96
11	12
11	14
11	15
11	18
11	19
11	21
11	24
11	26
11	33
11	58
11	63
11	64
11	77
11	80
11	87
11	89
11	93
11	97
12	20
12	22
12	26
12	39
12	60
12	70
12	77
12	85
12	91
13	14
13	21
13	33
13	36
13	57
13	63
13	71
13	86
13	87
13	89
13	90
13	94
14	19
14	21
14	33
14	36
14	50
14	51
14	58
14	64
14	71
14	74
14	77
14	80
14	86
14	92
14	95
14	96
15	34
15	53
15	57
15	70
15	76
15	78
15	83
16	17
16	18
16	21
16	26
16	43
16	44
16	46
16	47
16	49
16	53
16	66
16	69
16	74
16	76
16	80
16	97
17	24
17	32
17	38
17	45
17	51
17	59
17	61
17	70
17	76
17	87
17	89
17	91
17	98
17	99
18	21
18	23
18	27
18	50
18	52
18	55
18	65
18	73
18	78
18	81
18	86
19	24
19	30
19	33
19	41
19	43
19	48
19	53
19	59
19	73
19	79
19	88
19	93
19	96
20	21
20	35
20	36
20	38
20	41
20	53
20	59
20	76
20	84
20	87
21	23
21	32
21	34
21	37
21	43
21	45
21	47
21	48
21	62
21	71
21	75
21	83
21	86
21	87
21	91
22	23
22	32
22	34
22	38
22	40
22	45
22	59
22	64
22	77
22	80
22	83
22	94
22	96
22	97
23	26
23	35
23	40
23	43
23	61
23	69
23	77
23	83
23	90
23	94
23	98
24	25
24	32
24	35
24	59
24	89
25	44
25	45
25	52
25	66
25	68
25	74
25	77
25	92
25	94
25	95
25	97
26	30
26	42
26	46
26	48
26	55
26	57
26	64
26	69
26	70
26	83
27	36
27	38
27	50
27	84
27	95
27	98
28	38
28	54
28	62
28	74
28	79
28	84
28	91
28	98
29	32
29	39
29	43
29	48
29	51
29	53
29	58
29	68
29	77
29	78
29	80
29	83
29	89
29	93
30	48
30	59
30	62
30	63
30	68
30	89
30	97
30	99
31	34
31	45
31	54
31	62
31	64
31	65
31	75
31	79
31	90
31	91
31	92
31	95
32	36
32	54
32	55
32	64
32	75
32	82
32	85
32	87
32	99
33	42
33	54
33	63
33	70
33	74
33	81
33	84
33	86
33	91
34	36
34	48
34	50
34	53
34	56
34	61
34	69
34	70
34	75
34	84
34	86
34	87
34	88
34	89
34	91
35	42
35	44
35	53
35	55
35	58
35	59
35	63
35	68
35	69
35	73
35	74
35	77
35	85
35	94
36	38
36	43
36	45
36	66
36	76
36	90
36	96
37	41
37	50
37	62
37	63
37	72
37	75
37	95
37	96
37	98
38	40
38	46
38	50
38	53
38	55
38	56
38	61
39	45
39	51
39	71
39	73
39	79
39	83
39	84
39	85
39	92
39	95
39	98
40	42
40	43
40	44
40	55
40	59
40	69
40	75
40	76
40	89
41	49
41	51
41	54
41	59
41	69
41	79
41	88
41	91
41	94
41	96
42	43
42	45
42	51
42	53
42	63
42	65
42	74
42	75
42	87
43	44
43	58
43	61
43	65
43	70
43	90
43	92
43	97
44	48
44	55
44	63
44	68
44	70
44	78
44	87
44	95
45	51
45	65
45	68
45	73
45	79
45	99
46	47
46	50
46	68
46	72
46	74
46	77
46	91
46	99
47	58
47	69
47	70
48	51
48	54
48	61
48	65
48	68
48	99
49	51
49	63
49	74
49	84
50	51
50	55
50	73
50	75
50	78
50	79
50	84
50	88
50	99
51	66
51	73
51	77
51	87
51	91
52	67
52	76
52	85
52	94
52	96
53	75
53	87
54	55
54	68
54	73
54	87
54	89
54	99
55	56
55	63
55	69
55	80
55	81
55	84
55	86
55	92
56	65
56	66
56	69
56	70
56	81
56	82
56	88
56	97
56	99
57	72
57	74
57	77
57	83
57	84
57	86
57	94
58	60
58	70
58	81
58	88
59	69
59	70
59	74
59	77
59	80
59	83
59	89
59	97
60	68
60	71
60	75
60	80
60	86
60	88
60	97
61	67
61	69
61	73
62	63
62	71
62	75
62	88
63	84
63	96
63	97
64	68
64	85
65	68
65	71
65	76
65	90
65	92
65	99
66	69
66	71
66	72
66	74
66	82
66	97
67	72
67	88
68	74
68	80
69	74
69	75
69	79
70	76
71	79
71	81
71	82
71	86
71	98
72	74
72	75
72	81
72	82
72	98
73	74
73	76
73	89
73	95
73	97
73	99
74	86
74	88
74	91
74	95
75	78
76	77
76	84
76	90
76	96
76	99
77	78
77	82
77	85
77	88
77	95
78	80
78	83
78	86
78	89
78	94
78	99
79	97
80	89
81	92
81	95
82	86
82	87
82	89
82	95
83	86
83	96
84	89
85	88
86	90
86	92
86	95
87	93
87	95
89	95
92	99
95	96
95	98
