0	13
0	14
0	21
0	29
0	30
0	51
0	54
0	64
0	67
0	68
0	72
0	81
0	82
0	86
0	97
1	13
1	16
1	18
1	23
1	26
1	27
1	29
1	36
1	39
1	46
1	51
1	57
1	64
1	77
1	78
1	82
1	84
1	89
1	91
1	96
1	99
2	5
2	7
2	17
2	19
2	21
2	27
2	28
2	29
2	30
2	48
2	55
2	57
2	59
2	60
2	66
2	73
2	82
2	87
2	88
2	90
2	94
3	5
3	6
3	15
3	17
3	20
3	21
3	22
3	24
3	26
3	38
3	39
3	42
3	55
3	59
3	62
3	74
3	85
3	87
4	10
4	15
4	17
4	24
4	31
4	38
4	64
4	71
4	74
4	75
4	76
4	77
4	97
5	6
5	15
5	18
5	23
5	32
5	34
5	45
5	49
5	61
5	89
5	96
5	99
6	9
6	11
6	14
6	19
6	33
6	39
6	42
6	62
6	66
6	68
6	69
6	71
6	82
6	85
6	87
6	91
6	92
6	95
6	96
6	97
7	15
7	23
7	25
7	28
7	29
7	31
7	34
7	37
7	52
7	56
7	57
7	58
7	60
7	71
7	76
7	81
7	83
7	95
7	96
8	24
8	27
8	32
8	34
8	42
8	51
8	56
8	57
8	58
8	65
8	67
8	70
8	73
8	76
8	78
8	81
8	83
8	89
8	91
8	95
8	98
9	11
9	15
9	29
9	34
9	43
9	47
9	48
9	58
9	60
9	70
9	82
9	88
9	98
10	21
10	25
10	32
10	35
10	36
10	43
10	45
10	50
10	51
10	52
10	54
10	59
10	60
10	63
10	68
10	82
11	14
11	20
11	28
11	34
11	56
11	57
11	58
11	68
11	72
11	75
11	86
11	92
11	93
12	16
12	18
12	29
12	56
12	78
12	83
12	84
12	97
13	31
13	32
13	34
13	35
13	44
13	57
13	66
13	68
13	71
13	78
13	97
14	22
14	77
14	78
14	94
14	96
14	98
15	22
15	27
15	28
15	29
15	39
15	42
15	46
15	49
15	53
15	55
15	56
15	57
15	59
15	67
15	68
15	72
15	90
15	91
15	96
16	17
16	18
16	23
16	24
16	31
16	38
16	43
16	48
16	49
16	50
16	52
16	55
16	61
16	62
16	65
16	76
16	77
16	83
16	84
16	85
16	90
16	91
17	26
17	29
17	38
17	43
17	54
17	61
17	64
17	73
17	79
17	81
17	84
17	86
17	99
18	24
18	38
18	66
18	77
18	79
18	91
18	95
18	96
19	22
19	25
19	33
19	35
19	44
19	45
19	67
19	71
19	76
19	80
19	86
19	87
19	91
19	98
20	24
20	26
20	28
20	30
20	36
20	39
20	41
20	46
20	61
20	63
20	64
20	67
20	68
20	71
20	74
20	88
20	91
21	28
21	36
21	38
21	53
21	66
21	70
21	74
21	76
21	84
21	91
21	92
22	25
22	26
22	29
22	31
22	35
22	41
22	46
22	61
22	69
22	76
22	78
22	82
22	86
22	93
22	99
23	25
23	32
23	35
23	59
23	61
23	62
23	69
23	81
23	82
23	84
23	85
23	88
23	92
24	34
24	36
24	40
24	45
24	47
24	48
24	57
24	64
24	70
24	73
24	76
24	79
24	86
24	95
24	98
25	37
25	38
25	67
25	68
25	79
25	82
25	88
26	36
26	42
26	48
26	56
26	59
26	60
26	77
26	86
26	99
27	41
27	46
27	54
27	61
27	67
27	82
27	92
27	93
27	97
28	33
28	36
28	42
28	46
28	51
28	54
28	55
28	65
28	72
28	79
28	83
28	92
29	32
29	38
29	41
29	42
29	43
29	50
29	52
29	58
29	60
29	70
29	90
29	99
30	34
30	43
30	44
30	59
30	68
30	79
30	86
30	92
30	93
30	95
31	51
31	64
31	78
32	34
32	37
32	44
32	48
32	51
32	52
32	57
32	58
32	68
32	79
32	91
32	94
32	95
32	97
33	36
33	48
33	52
33	57
33	61
33	62
33	68
33	80
33	81
33	82
33	84
33	85
33	88
33	93
33	96
34	36
34	39
34	46
34	48
34	53
34	56
34	59
34	68
34	75
34	76
34	80
34	83
34	90
34	98
35	36
35	41
35	67
35	86
35	92
35	98
36	45
36	53
36	65
36	71
36	84
36	86
36	95
36	96
36	98
37	38
37	42
37	46
37	48
37	61
37	70
37	72
37	74
37	78
37	80
37	89
37	92
37	93
38	39
38	40
38	46
38	50
38	62
38	69
38	81
38	91
39	51
39	59
39	60
39	61
39	62
39	65
39	67
39	72
39	78
39	80
39	96
39	99
40	51
40	63
40	68
40	72
40	88
40	92
41	44
41	47
41	54
41	58
41	59
41	64
41	65
41	75
41	82
41	85
41	87
41	94
41	95
41	98
42	48
42	51
42	56
42	57
42	59
42	60
42	66
42	71
42	72
42	73
42	77
42	83
42	91
42	93
42	95
42	97
43	44
43	47
43	52
43	58
43	66
43	69
43	79
43	80
43	82
43	85
43	95
44	54
44	58
44	62
44	72
44	86
44	90
45	48
45	66
45	77
45	83
45	84
45	97
46	61
46	73
46	76
46	82
46	83
46	88
46	91
46	99
47	49
47	65
47	70
47	71
47	72
47	77
47	79
47	82
47	89
47	99
48	49
48	81
48	86
48	89
48	91
48	93
48	97
49	50
49	52
49	56
49	71
49	76
49	80
49	87
49	89
49	92
49	94
49	97
49	99
50	52
50	57
50	60
50	63
50	69
50	70
50	82
50	83
50	86
50	90
51	52
51	76
51	82
51	87
51	93
52	66
52	71
52	73
52	76
52	77
52	79
52	87
52	93
52	98
53	62
53	69
53	71
53	74
53	79
53	85
53	98
54	58
54	64
54	71
54	75
55	60
55	65
55	68
55	74
56	57
56	60
56	64
56	69
56	81
56	95
57	84
57	91
57	99
58	62
58	74
58	76
58	97
58	98
59	66
59	74
59	86
60	65
60	67
60	72
60	81
60	94
61	81
61	89
61	93
61	98
62	67
62	70
62	72
62	76
62	83
62	93
62	99
63	76
63	85
63	92
63	93
63	96
63	98
64	68
64	69
64	75
64	83
64	84
64	85
64	88
64	92
64	99
65	78
65	83
65	86
65	90
65	94
65	95
65	99
66	73
66	74
66	81
66	87
67	69
67	73
67	74
67	80
67	87
67	89
67	92
67	93
68	78
68	88
68	91
68	92
69	72
69	73
69	75
69	78
69	87
69	93
70	71
70	76
70	81
70	85
71	86
71	89
71	93
72	85
72	87
73	81
73	83
73	84
73	94
73	98
74	77
74	89
74	91
74	95
75	86
75	87
75	93
76	78
76	98
77	83
77	86
77	94
77	96
78	85
78	86
78	91
78	97
79	85
79	88
79	90
79	92
79	94
80	86
80	91
81	93
81	95
81	96
82	92
82	99
83	88
83	90
83	97
84	85
84	89
84	93
84	94
85	89
85	92
86	90
87	93
87	95
87	97
87	99
89	96
90	91
90	98
91	97
92	93
92	97
92	98
94	95
97	99
