0	2
0	28
0	33
0	40
0	45
0	56
0	60
0	67
0	72
0	76
0	93
1	5
1	10
1	36
1	38
1	42
1	43
1	44
1	56
1	62
1	65
1	77
1	78
1	80
1	81
1	82
1	85
1	86
1	91
2	19
2	25
2	27
2	36
2	38
2	52
2	55
2	62
2	71
2	74
2	81
2	98
3	8
3	15
3	17
3	32
3	34
3	37
3	41
3	44
3	50
3	51
3	60
3	72
3	74
3	85
3	86
3	90
4	10
4	25
4	27
4	52
4	57
4	71
4	72
4	77
4	85
4	89
4	94
5	13
5	17
5	40
5	50
5	54
5	59
5	64
5	73
5	77
5	95
6	17
6	22
6	39
6	40
6	54
6	63
6	73
6	79
6	80
6	90
6	99
7	21
7	32
7	42
7	44
7	52
7	53
7	67
7	74
7	76
7	77
7	79
7	81
7	83
7	84
7	85
7	86
7	93
7	97
8	9
8	13
8	16
8	35
8	57
8	58
8	66
8	67
8	71
8	72
8	73
8	81
8	88
8	91
8	95
9	17
9	39
9	67
9	69
9	89
9	95
9	97
10	19
10	27
10	52
10	65
10	69
10	79
10	87
11	12
11	16
11	28
11	36
11	48
11	51
11	54
11	55
11	65
11	71
11	72
11	77
11	87
11	92
11	94
12	22
12	26
12	52
12	53
12	56
12	57
12	69
12	71
12	77
12	80
12	81
12	82
12	93
12	96
13	26
13	37
13	40
13	43
13	47
13	57
13	59
13	61
13	62
13	65
13	80
13	82
13	91
13	92
13	95
14	24
14	28
14	42
14	49
14	51
14	53
14	65
14	92
15	24
15	30
15	39
15	42
15	50
15	55
15	64
15	84
15	99
16	21
16	27
16	29
16	32
16	35
16	41
16	45
16	50
16	52
16	53
16	55
16	59
16	60
16	61
16	73
16	77
16	90
17	52
17	69
17	77
17	96
17	98
18	23
18	27
18	30
18	36
18	39
18	49
18	56
18	59
18	77
18	85
18	86
18	92
18	93
18	97
19	35
19	40
19	43
19	53
19	61
19	64
19	68
19	69
19	87
19	90
19	91
19	92
19	93
19	97
20	21
20	44
20	46
20	70
20	72
20	78
20	83
20	87
20	93
21	25
21	26
21	38
21	39
21	43
21	49
21	64
21	72
21	83
21	86
21	87
21	95
21	99
22	25
22	26
22	34
22	40
22	41
22	52
22	64
22	66
22	78
22	84
22	89
22	92
22	96
23	25
23	28
23	36
23	46
23	49
23	65
23	66
23	67
23	71
23	77
23	82
23	88
23	91
24	35
24	43
24	52
24	55
24	57
24	70
24	71
24	72
24	74
24	76
24	84
24	86
24	90
24	91
24	93
25	41
25	43
25	47
25	53
25	54
25	57
25	62
25	73
25	95
26	37
26	39
26	41
26	61
26	63
26	68
26	69
26	75
26	78
26	83
27	40
27	55
27	60
27	64
27	69
27	82
27	97
28	33
28	45
28	59
28	65
28	72
28	76
28	84
28	89
28	92
28	94
28	95
28	96
29	30
29	33
29	35
29	42
29	64
29	68
29	78
29	88
30	35
30	49
30	62
30	64
30	69
30	71
30	76
30	78
30	81
30	82
30	95
31	34
31	52
31	69
31	72
31	79
31	87
31	89
31	93
31	94
31	96
31	97
32	40
32	41
32	43
32	51
32	59
32	63
32	79
32	81
32	82
32	86
32	92
32	93
32	95
32	97
33	44
33	45
33	47
33	51
33	55
33	58
33	62
33	69
33	70
33	71
33	76
33	78
33	82
33	83
33	85
33	89
33	91
33	93
33	97
34	37
34	39
34	43
34	51
34	54
34	59
34	61
34	69
34	77
34	83
34	96
35	40
35	47
35	50
35	51
35	56
35	66
35	70
35	76
35	95
36	46
36	71
36	76
36	88
36	94
37	40
37	48
37	54
37	58
37	65
37	66
37	69
37	73
37	81
37	85
37	87
38	44
38	47
38	48
38	72
38	89
39	41
39	44
39	45
39	55
39	68
39	71
39	74
39	76
40	48
40	50
40	55
40	56
40	59
40	64
40	75
40	82
40	83
40	85
40	86
40	89
40	91
40	96
40	97
41	48
41	49
41	52
41	53
41	54
41	64
41	86
41	91
41	97
41	98
42	49
42	53
42	60
42	67
42	72
42	73
42	76
42	78
42	80
42	84
42	95
42	96
42	99
43	46
43	48
43	53
43	61
43	67
43	80
43	88
44	58
44	71
44	77
44	81
45	55
45	66
45	70
45	72
45	80
46	57
46	58
46	73
46	77
46	79
46	84
46	87
46	92
47	52
47	60
47	63
47	69
47	75
47	86
47	88
47	92
47	94
47	97
48	54
48	63
48	78
48	79
48	82
48	86
48	91
49	62
49	76
49	77
49	92
50	67
50	75
50	76
50	79
50	81
50	82
50	96
50	98
51	66
51	75
51	82
51	88
51	91
51	93
51	94
52	59
52	62
52	66
52	75
52	80
52	81
52	82
52	83
52	94
52	97
53	59
53	71
53	72
53	82
53	85
54	55
54	65
54	68
54	80
54	83
54	84
54	92
54	99
55	60
55	63
56	57
56	62
56	64
56	76
56	98
57	80
57	82
57	87
57	89
58	59
58	68
58	71
58	78
58	86
58	94
58	95
58	99
59	62
59	69
59	72
59	78
59	87
59	91
59	99
60	70
60	82
60	87
60	89
60	92
60	97
60	98
61	74
61	78
61	81
61	95
62	66
62	77
62	81
62	88
63	69
63	74
63	75
63	78
63	81
63	84
64	66
64	71
64	75
64	86
64	91
64	94
65	78
66	67
66	71
66	72
66	76
66	86
67	82
67	83
67	86
67	95
68	83
68	90
69	71
69	88
69	90
70	74
71	84
71	87
71	92
71	94
72	74
72	89
72	91
73	77
73	82
73	84
73	91
73	95
74	79
74	88
74	92
74	94
74	96
75	81
75	82
75	84
75	88
75	93
75	96
76	82
76	93
76	94
77	87
77	98
78	95
78	99
79	82
79	84
79	94
80	83
80	94
80	95
81	87
81	89
82	97
82	98
82	99
83	86
83	87
83	90
83	92
83	93
84	94
85	86
85	90
85	92
85	98
85	99
86	98
87	88
87	93
87	96
89	90
89	93
89	95
89	96
90	94
91	92
92	99
93	97
94	95
94	97
