0	11
0	16
0	19
0	29
0	31
0	36
0	37
0	43
0	49
0	55
0	58
0	65
0	67
0	71
0	73
0	86
0	89
0	93
1	3
1	9
1	12
1	30
1	35
1	56
1	60
1	65
1	66
1	70
1	82
1	90
1	96
2	14
2	34
2	40
2	47
2	54
2	55
2	62
2	71
2	84
2	85
2	87
2	89
2	94
2	97
3	7
3	11
3	13
3	14
3	19
3	26
3	31
3	34
3	44
3	46
3	63
3	68
3	75
3	76
3	77
3	92
4	7
4	16
4	27
4	35
4	41
4	43
4	44
4	48
4	50
4	53
4	65
4	75
4	76
4	84
4	85
4	90
4	94
4	95
5	20
5	23
5	26
5	62
5	64
5	77
5	87
5	88
5	98
6	8
6	9
6	10
6	11
6	13
6	14
6	16
6	25
6	26
6	31
6	36
6	42
6	56
6	72
6	73
6	75
6	79
6	98
7	10
7	14
7	16
7	21
7	26
7	33
7	38
7	54
7	56
7	86
7	93
7	95
8	14
8	16
8	17
8	25
8	32
8	37
8	38
8	39
8	57
8	64
8	65
8	78
8	81
8	86
8	89
8	90
8	91
8	99
9	10
9	11
9	21
9	24
9	33
9	36
9	39
9	60
9	75
9	78
10	20
10	25
10	37
10	42
10	44
10	50
10	57
10	59
10	60
10	64
10	69
10	73
10	75
10	79
10	83
10	84
10	95
11	14
11	20
11	31
11	43
11	53
11	57
11	63
11	79
11	88
11	91
11	97
12	23
12	27
12	32
12	33
12	38
12	39
12	42
12	55
12	69
12	80
12	91
12	94
13	17
13	28
13	41
13	67
13	77
13	87
13	94
14	19
14	20
14	32
14	34
14	36
14	41
14	60
14	61
14	63
14	69
14	83
15	21
15	32
15	38
15	48
15	67
15	70
15	73
15	76
15	89
15	91
15	92
15	94
15	99
16	17
16	22
16	23
16	31
16	34
16	38
16	39
16	46
16	63
16	65
16	81
16	84
16	87
16	91
16	98
17	18
17	19
17	32
17	33
17	37
17	43
17	45
17	50
17	51
17	56
17	57
17	66
17	71
17	84
17	88
18	22
18	24
18	25
18	31
18	33
18	41
18	45
18	46
18	51
18	66
18	67
18	70
18	73
18	77
18	78
18	81
19	24
19	26
19	30
19	31
19	41
19	44
19	50
19	53
19	54
19	55
19	57
19	67
19	70
19	94
19	95
20	22
20	27
20	37
20	42
20	49
20	50
20	58
20	62
20	66
20	83
20	89
20	91
20	99
21	51
21	52
21	53
21	54
21	58
21	62
21	71
21	76
21	78
21	82
21	94
21	95
21	99
22	28
22	42
22	43
22	46
22	52
22	56
22	61
22	62
22	65
22	66
22	70
22	74
22	90
22	96
23	24
23	29
23	38
23	48
23	50
23	52
23	62
23	66
23	67
23	71
23	72
23	75
23	81
23	89
23	93
23	99
24	25
24	36
24	50
24	67
24	78
24	81
24	82
24	87
25	27
25	33
25	34
25	48
25	64
25	65
25	69
25	70
25	71
25	93
25	95
26	27
26	31
26	35
26	38
26	39
26	41
26	51
26	57
26	60
26	63
26	64
26	68
26	74
26	94
27	35
27	37
27	44
27	49
27	50
27	54
27	58
27	64
27	68
27	74
27	75
27	76
27	87
27	96
28	35
28	38
28	44
28	53
28	61
28	80
28	82
28	85
28	94
28	96
28	97
29	30
29	38
29	45
29	47
29	50
29	81
29	85
29	88
29	96
30	32
30	42
30	49
30	50
30	52
30	58
30	61
30	73
30	82
31	38
31	40
31	41
31	44
31	48
31	49
31	50
31	53
31	54
31	61
31	64
31	66
31	71
31	91
31	92
31	93
31	99
32	36
32	42
32	44
32	58
32	59
32	60
32	64
32	65
32	66
32	68
32	76
32	77
32	78
32	83
32	84
32	86
32	87
32	91
33	44
33	46
33	67
33	69
33	74
33	87
34	43
34	47
34	53
34	62
34	63
34	64
34	69
34	88
34	89
34	94
34	98
35	69
35	79
35	83
35	95
35	97
36	42
36	54
36	58
36	63
36	66
36	69
36	71
36	75
36	77
36	84
36	94
37	41
37	50
37	55
37	69
37	76
37	79
37	86
37	91
37	94
37	97
38	40
38	45
38	66
38	68
38	74
38	76
38	90
38	95
39	46
39	50
39	55
39	57
39	59
39	67
39	75
39	77
39	86
39	94
40	43
40	44
40	48
40	62
40	84
40	93
40	98
41	48
41	54
41	55
41	70
41	77
41	82
41	95
42	46
42	75
42	84
42	85
42	86
42	88
42	89
42	91
42	98
43	44
43	45
43	51
43	87
43	92
43	96
44	55
44	60
44	72
44	73
44	77
44	87
44	91
44	99
45	52
45	63
45	73
45	76
45	80
45	81
45	88
45	90
46	48
46	49
46	51
46	81
46	99
47	51
47	61
47	72
47	76
47	78
47	80
47	95
48	50
48	52
48	53
48	54
48	63
48	81
48	93
48	95
49	60
49	63
49	65
49	66
49	70
49	71
49	82
49	89
50	68
50	69
50	76
50	97
51	54
51	58
51	67
51	68
51	79
51	92
51	93
51	94
52	60
52	63
52	66
52	72
52	79
52	97
53	56
53	60
53	74
53	75
53	77
53	82
53	97
54	80
54	85
54	89
55	73
55	87
56	72
56	89
56	96
57	58
57	67
57	70
57	71
57	82
57	83
57	99
58	64
58	68
58	73
58	83
58	98
59	61
59	73
59	74
59	81
59	82
59	84
59	86
60	61
60	71
60	80
60	85
60	96
60	97
60	99
61	62
61	63
61	79
61	82
61	94
62	63
62	67
62	96
62	98
63	65
63	72
63	80
63	87
63	95
64	70
64	73
64	90
64	96
64	99
65	75
65	76
65	77
65	78
65	81
65	82
65	83
66	67
66	72
67	80
67	84
67	85
67	96
67	97
68	75
68	85
68	88
68	95
69	74
69	82
69	90
70	84
70	94
70	95
70	98
71	74
71	75
71	82
71	95
71	96
72	74
72	86
72	88
72	90
72	96
72	97
73	74
73	76
73	85
73	90
73	95
74	92
74	99
75	77
75	90
75	94
76	80
76	82
76	90
76	91
76	97
77	86
77	97
78	85
78	89
78	97
79	89
79	91
79	93
80	85
81	87
82	97
84	93
85	88
85	96
86	91
87	94
89	91
89	98
93	97
96	99
97	99
