0	1
0	16
0	20
0	27
0	32
0	35
0	38
0	40
0	53
0	58
0	61
0	70
0	89
0	94
1	7
1	10
1	11
1	13
1	15
1	20
1	37
1	38
1	39
1	40
1	57
1	61
1	65
1	69
1	75
1	96
1	97
1	99
2	13
2	23
2	25
2	44
2	56
2	63
2	65
2	69
2	72
2	97
3	16
3	19
3	20
3	27
3	30
3	32
3	54
3	57
3	71
3	72
3	79
3	87
3	88
3	94
4	14
4	16
4	22
4	31
4	38
4	42
4	44
4	61
4	68
4	71
4	75
4	79
4	95
4	96
5	22
5	29
5	31
5	47
5	50
5	53
5	72
5	73
5	74
5	76
5	79
5	89
5	92
6	16
6	21
6	31
6	38
6	40
6	51
6	54
6	58
6	85
6	90
6	93
6	99
7	9
7	14
7	18
7	31
7	33
7	37
7	41
7	48
7	52
7	59
7	69
7	81
7	89
7	97
8	25
8	33
8	43
8	56
8	59
8	61
8	62
8	71
8	72
8	78
8	80
8	84
8	86
8	92
9	20
9	26
9	38
9	41
9	50
9	51
9	57
9	65
9	67
9	81
9	91
10	13
10	14
10	19
10	31
10	41
10	45
10	57
10	70
10	77
10	97
11	17
11	21
11	33
11	39
11	44
11	53
11	56
11	57
11	61
11	65
11	67
11	69
11	73
11	85
11	88
11	93
11	96
12	13
12	15
12	19
12	22
12	30
12	47
12	49
12	52
12	58
12	62
12	67
12	83
12	87
12	88
12	90
13	16
13	33
13	34
13	40
13	52
13	54
13	68
13	73
13	94
13	96
13	98
14	23
14	57
14	61
14	62
14	64
14	71
14	75
14	79
15	23
15	27
15	36
15	38
15	39
15	40
15	65
15	69
15	78
15	82
15	84
15	92
16	22
16	25
16	34
16	36
16	40
16	51
16	73
16	75
16	87
17	21
17	31
17	46
17	47
17	52
17	57
17	59
17	60
17	61
17	71
17	79
17	83
17	85
17	94
17	95
17	97
18	20
18	33
18	43
18	51
18	54
18	60
18	64
18	82
18	83
18	86
18	87
18	94
18	98
19	21
19	42
19	44
19	58
19	59
19	70
19	77
19	94
19	99
20	25
20	27
20	28
20	31
20	46
20	47
20	61
20	75
20	76
20	91
20	93
20	97
20	98
21	37
21	48
21	56
21	57
21	75
21	76
21	80
21	82
21	83
22	23
22	29
22	47
22	52
22	60
22	62
22	64
22	77
22	80
22	87
22	88
22	89
22	93
22	95
23	37
23	39
23	60
23	61
23	62
23	69
23	82
23	84
23	97
24	27
24	29
24	38
24	42
24	44
24	53
24	57
24	60
24	65
24	66
24	69
24	80
24	84
24	86
24	89
24	95
25	36
25	38
25	47
25	53
25	57
25	63
25	67
25	72
25	81
25	94
25	98
26	32
26	47
26	57
26	59
26	64
26	70
26	76
26	98
26	99
27	37
27	43
27	54
27	63
27	67
27	74
27	91
27	99
28	36
28	43
28	44
28	54
28	61
28	67
28	74
28	91
28	98
29	32
29	50
29	58
29	60
29	66
29	71
29	77
29	80
29	91
29	92
29	96
29	98
30	40
30	44
30	47
30	57
30	60
30	73
30	81
30	94
30	95
30	99
31	35
31	39
31	46
31	47
31	53
31	61
31	65
31	76
31	88
31	94
32	39
32	44
32	46
32	48
32	61
32	64
32	78
32	91
33	47
33	49
33	57
33	60
33	67
33	73
33	78
33	84
33	85
33	93
33	99
34	35
34	36
34	42
34	43
34	48
34	70
34	75
34	89
34	93
34	98
35	36
35	40
35	43
35	49
35	53
35	59
35	60
35	62
35	73
35	86
35	91
35	97
36	37
36	40
36	53
36	56
36	59
36	63
36	69
36	77
36	80
36	90
37	57
37	82
37	83
37	84
37	85
37	97
38	40
38	51
38	53
38	57
38	67
38	69
38	71
38	80
38	82
38	87
38	91
39	42
39	44
39	45
39	50
39	64
39	76
39	83
39	87
39	91
39	97
40	47
40	49
40	58
40	65
40	70
40	76
40	91
41	45
41	51
41	65
41	66
41	76
41	80
41	81
41	85
42	44
42	53
42	55
42	56
42	60
42	61
42	68
42	73
42	78
42	81
42	82
42	85
42	86
42	91
42	99
43	62
43	68
43	70
43	75
43	79
43	81
43	88
43	92
43	98
44	47
44	49
44	72
44	73
44	80
45	46
45	49
45	65
45	67
45	72
45	76
45	79
45	89
45	91
45	99
46	47
46	52
46	59
46	64
46	67
46	70
46	86
46	91
46	94
46	97
46	99
47	48
47	51
47	60
47	62
47	63
47	72
47	76
47	86
48	60
48	62
48	72
48	74
48	78
48	79
48	85
49	54
49	61
49	69
49	71
49	75
49	77
49	88
50	56
50	58
50	63
50	71
50	76
50	81
51	55
51	66
51	68
51	72
51	79
51	94
51	97
52	55
52	60
52	61
52	65
52	69
52	74
52	81
52	90
52	99
53	54
53	56
53	66
53	74
53	75
53	79
53	80
53	81
53	82
54	59
54	76
54	78
54	82
54	84
55	56
55	58
55	68
55	70
56	62
56	68
56	70
56	76
56	80
56	88
56	89
56	93
57	61
57	63
57	74
57	87
58	62
58	66
58	75
58	79
58	80
58	84
58	88
58	96
59	62
59	65
59	66
59	70
59	72
59	75
59	81
59	86
59	90
59	95
60	61
60	62
60	67
60	71
60	94
60	99
61	69
61	71
61	73
61	75
61	88
61	90
62	68
62	73
62	81
62	83
62	87
62	99
63	86
63	93
64	68
64	70
64	72
64	73
64	75
64	86
64	90
64	93
65	76
65	81
65	86
65	88
65	89
65	92
66	72
66	78
66	88
66	89
67	70
67	77
67	90
68	75
68	78
68	82
69	79
69	84
69	87
69	92
69	95
69	99
70	76
70	83
70	90
70	95
70	97
71	77
71	88
71	94
71	96
71	98
72	73
72	78
72	82
73	94
74	88
75	80
75	82
75	92
76	78
76	80
76	84
76	85
76	89
76	92
76	98
77	94
77	98
78	88
78	92
79	88
79	91
79	94
81	83
81	84
82	85
82	92
82	95
83	99
84	90
84	99
85	88
85	90
86	89
86	92
86	94
86	97
86	99
87	91
87	95
87	99
88	90
88	96
89	90
89	92
89	98
89	99
90	91
90	94
91	98
92	94
93	98
95	99
96	98
98	99
