0	15
0	32
0	39
0	42
0	44
0	52
0	65
0	69
0	75
0	84
0	85
0	89
0	92
1	7
1	8
1	10
1	22
1	23
1	24
1	25
1	29
1	36
1	48
1	49
1	52
1	60
1	62
1	66
1	67
1	71
1	72
1	84
2	3
2	10
2	20
2	26
2	27
2	29
2	33
2	37
2	44
2	46
2	47
2	55
2	58
2	62
2	76
2	77
2	83
2	92
2	94
2	96
2	99
3	4
3	12
3	26
3	28
3	35
3	42
3	47
3	53
3	59
3	69
3	76
3	77
3	81
3	82
3	85
3	99
4	28
4	30
4	51
4	52
4	54
4	65
4	79
4	93
4	94
4	97
5	6
5	13
5	15
5	17
5	24
5	26
5	28
5	33
5	68
5	76
5	79
5	84
5	96
5	99
6	7
6	8
6	11
6	12
6	13
6	22
6	30
6	33
6	34
6	43
6	45
6	50
6	55
6	61
6	66
6	67
6	72
6	76
6	78
6	92
7	11
7	12
7	13
7	22
7	24
7	32
7	36
7	43
7	46
7	56
7	57
7	64
7	65
7	67
7	68
7	72
7	77
7	87
7	90
7	91
8	29
8	36
8	55
8	61
8	87
8	88
8	92
8	93
8	94
8	96
8	99
9	11
9	14
9	18
9	21
9	27
9	30
9	33
9	42
9	49
9	56
9	57
9	67
9	81
9	90
9	91
9	93
10	17
10	19
10	20
10	22
10	26
10	33
10	39
10	40
10	49
10	57
10	68
10	73
10	76
10	79
10	81
10	85
10	91
11	12
11	17
11	28
11	33
11	41
11	47
11	49
11	64
11	67
11	69
11	74
11	78
11	82
11	86
11	90
11	91
11	93
11	98
12	13
12	17
12	21
12	43
12	73
12	74
12	78
12	83
12	89
12	96
12	97
13	19
13	23
13	41
13	45
13	63
13	66
13	73
13	76
13	79
13	82
13	88
13	96
14	29
14	31
14	46
14	59
14	61
14	80
15	21
15	27
15	29
15	37
15	42
15	44
15	47
15	51
15	58
15	62
15	74
15	82
15	84
15	86
15	91
16	18
16	29
16	33
16	34
16	42
16	46
16	47
16	52
16	63
16	89
17	19
17	23
17	24
17	32
17	33
17	54
17	55
17	68
17	72
17	80
17	83
18	21
18	24
18	28
18	29
18	46
18	52
18	55
18	57
18	60
18	66
18	68
18	75
18	87
18	94
18	97
19	23
19	41
19	42
19	43
19	52
19	63
19	70
19	77
20	21
20	34
20	36
20	40
20	42
20	62
20	71
20	79
20	81
20	87
21	22
21	24
21	32
21	35
21	40
21	44
21	46
21	48
21	54
21	58
21	64
21	72
21	76
21	81
21	84
21	89
22	35
22	46
22	50
22	52
22	62
22	68
22	83
23	39
23	41
23	43
23	50
23	53
23	54
23	55
23	61
23	64
23	67
23	74
23	75
23	79
23	88
23	97
24	27
24	50
24	96
25	34
25	45
25	51
25	60
25	61
25	62
25	64
25	70
25	86
25	87
25	92
26	31
26	39
26	40
26	42
26	46
26	52
26	61
26	62
26	66
26	70
26	78
26	80
26	88
26	96
27	40
27	46
27	51
27	62
27	68
27	76
27	83
28	31
28	34
28	52
28	59
28	85
28	89
28	98
29	42
29	50
29	54
29	55
29	63
29	68
29	74
29	78
29	83
29	90
29	91
29	92
30	36
30	41
30	50
30	64
30	70
30	72
30	73
30	77
30	86
30	87
30	88
30	93
31	58
31	63
31	75
31	84
32	49
32	52
32	56
32	57
32	59
32	65
32	71
32	76
32	78
32	89
32	98
33	34
33	38
33	55
33	60
33	64
33	94
33	98
34	41
34	43
34	47
34	57
34	61
34	72
34	73
34	78
34	90
34	91
34	93
35	36
35	43
35	44
35	48
35	52
35	54
35	60
35	63
35	84
35	85
35	86
36	43
36	51
36	52
36	58
36	59
36	60
36	77
36	83
36	86
36	87
36	91
36	92
37	42
37	61
37	65
37	66
37	68
37	76
37	78
37	86
37	93
37	98
37	99
38	49
38	50
38	55
38	60
38	66
38	88
38	92
39	53
39	57
39	77
39	93
39	98
40	43
40	44
40	47
40	63
40	75
40	78
40	84
40	85
40	92
41	44
41	48
41	60
41	65
41	67
41	82
41	93
42	43
42	52
42	56
42	57
42	66
42	75
42	77
42	82
43	50
43	55
43	61
43	67
43	74
43	80
43	82
43	83
43	90
43	91
44	54
44	59
44	61
44	79
44	90
44	99
45	56
45	57
45	60
45	62
45	69
45	71
45	77
45	78
45	79
45	82
45	90
45	93
45	99
46	54
46	55
46	56
46	67
46	68
46	84
46	86
46	89
46	92
46	97
47	51
47	57
47	62
47	66
47	72
47	78
47	87
47	96
48	50
48	54
48	59
48	60
48	61
48	62
48	65
48	70
48	71
48	78
48	83
48	87
48	88
48	92
49	50
49	51
49	61
49	82
49	87
49	88
50	62
50	63
50	65
50	79
50	80
50	86
50	88
50	90
50	91
50	96
50	99
51	68
51	70
51	72
51	76
51	77
51	78
51	82
51	86
51	89
51	90
52	59
52	71
52	73
52	79
52	91
53	55
53	67
53	70
53	78
53	99
54	56
54	57
54	66
54	69
54	87
54	91
54	92
55	56
55	59
55	68
55	69
55	71
55	74
55	83
55	92
56	69
56	88
56	96
57	77
57	81
57	92
57	96
58	60
58	78
58	84
58	90
58	95
58	97
59	67
59	68
59	71
59	72
59	73
59	75
59	76
59	78
59	88
59	96
60	63
60	74
60	86
60	91
60	94
60	95
60	96
61	62
61	64
61	81
61	92
61	96
62	65
62	71
62	96
63	69
63	75
63	87
63	88
63	92
63	98
64	72
64	76
64	80
64	87
64	88
64	91
65	69
66	68
66	70
66	85
66	88
67	72
67	77
67	79
67	82
67	89
67	93
67	99
68	76
68	82
68	87
68	98
69	70
69	76
69	79
70	74
70	79
70	89
70	90
70	93
70	96
71	73
71	80
71	84
71	89
71	91
71	97
71	99
72	84
73	75
73	77
73	90
74	85
74	99
75	88
75	99
76	77
76	88
76	97
77	85
77	91
77	97
78	91
78	93
78	99
79	81
80	82
80	87
80	98
81	91
81	95
82	83
82	87
82	91
82	99
83	88
83	98
84	90
84	92
84	96
84	97
85	88
85	90
85	91
85	94
86	93
86	95
87	94
87	97
89	90
89	93
90	98
92	94
95	97
