0	5
0	12
0	22
0	25
0	35
0	36
0	37
0	47
0	63
0	70
0	81
0	99
1	3
1	7
1	13
1	18
1	20
1	26
1	29
1	35
1	37
1	41
1	49
1	60
1	64
1	65
1	74
1	76
1	87
1	90
1	95
1	98
2	20
2	26
2	28
2	41
2	53
2	68
2	69
2	73
2	85
2	87
2	88
2	90
3	10
3	17
3	27
3	31
3	35
3	43
3	49
3	51
3	55
3	59
3	71
3	82
3	87
3	92
4	6
4	7
4	12
4	22
4	30
4	41
4	42
4	59
4	68
4	69
4	79
4	80
4	90
4	93
4	98
5	16
5	23
5	25
5	29
5	30
5	38
5	43
5	47
5	54
5	55
5	58
5	74
5	75
5	76
5	85
5	86
6	12
6	16
6	17
6	25
6	27
6	33
6	37
6	56
6	65
6	77
6	80
6	82
6	97
6	98
6	99
7	8
7	11
7	24
7	27
7	34
7	41
7	61
7	62
7	64
7	69
7	71
7	75
7	85
7	95
7	97
8	9
8	12
8	14
8	16
8	26
8	29
8	46
8	53
8	54
8	60
8	78
8	81
8	83
8	96
9	10
9	18
9	23
9	35
9	38
9	47
9	50
9	70
9	86
9	88
9	91
9	94
9	95
9	97
10	16
10	20
10	22
10	30
10	33
10	38
10	39
10	44
10	51
10	52
10	53
10	65
10	66
10	67
10	68
10	72
10	79
10	94
10	99
11	15
11	23
11	27
11	28
11	30
11	32
11	33
11	39
11	53
11	58
11	62
11	69
11	78
11	81
11	84
11	85
11	93
11	94
12	25
12	30
12	32
12	41
12	44
12	47
12	55
12	56
12	62
12	64
12	66
12	75
12	86
12	90
12	95
13	28
13	44
13	45
13	47
13	67
13	68
13	69
13	74
13	78
13	80
13	89
13	93
13	99
14	22
14	25
14	52
14	53
14	61
14	65
14	68
14	71
14	73
14	75
14	80
14	83
14	86
14	95
14	97
15	25
15	30
15	40
15	43
15	47
15	54
15	55
15	65
15	71
15	75
15	79
15	91
15	93
15	95
16	30
16	32
16	60
16	62
16	76
16	89
16	92
16	95
17	20
17	21
17	22
17	23
17	32
17	35
17	37
17	44
17	48
17	55
17	57
17	58
17	73
17	76
17	78
17	81
17	83
17	88
17	89
17	93
17	95
17	98
18	20
18	21
18	23
18	24
18	56
18	61
18	63
18	71
18	75
18	88
18	90
19	21
19	22
19	25
19	41
19	44
19	54
19	71
19	74
19	91
19	94
20	25
20	40
20	57
20	71
20	76
20	77
20	98
21	23
21	43
21	51
21	66
21	83
21	88
21	93
21	96
22	25
22	30
22	36
22	38
22	42
22	45
22	57
22	60
22	69
22	75
22	79
22	84
22	92
23	27
23	29
23	34
23	35
23	39
23	44
23	45
23	49
23	68
23	75
23	76
23	80
23	87
23	89
23	97
24	29
24	30
24	31
24	35
24	51
24	53
24	55
24	79
24	91
25	29
25	33
25	40
25	46
25	49
25	61
25	64
25	67
25	71
25	84
25	86
25	92
25	94
26	30
26	42
26	47
26	57
26	62
26	79
26	83
26	85
26	88
26	95
27	53
27	59
27	67
27	74
27	87
27	89
27	93
28	32
28	42
28	48
28	51
28	64
28	71
28	74
28	75
28	76
28	77
28	80
28	91
28	99
29	36
29	48
29	76
29	80
29	86
29	87
29	89
29	94
30	45
30	49
30	52
30	61
30	63
30	66
30	75
30	81
30	87
30	90
30	94
31	34
31	38
31	47
31	58
31	69
31	73
31	76
31	79
31	87
31	95
32	42
32	48
32	56
32	68
32	74
32	78
32	81
32	92
33	39
33	42
33	43
33	52
33	82
33	83
33	90
34	39
34	45
34	49
34	59
34	60
34	64
34	71
34	81
34	84
34	90
34	97
35	40
35	58
35	60
35	73
35	75
35	83
35	87
35	99
36	61
36	62
36	65
36	67
36	70
36	72
36	74
36	78
36	82
36	87
36	94
37	40
37	57
37	59
37	67
37	68
37	75
37	80
37	83
37	89
37	95
37	97
37	98
38	46
38	62
38	63
38	68
38	89
39	40
39	42
39	48
39	69
39	73
39	74
39	84
39	85
39	90
39	95
39	99
40	45
40	52
40	58
40	60
40	72
40	78
40	80
40	91
40	96
40	97
41	49
41	55
41	65
41	79
41	84
41	86
42	43
42	45
42	49
42	52
42	57
42	63
42	64
42	66
42	80
42	97
43	47
43	63
43	86
43	95
44	46
44	54
44	57
44	58
44	67
44	86
44	87
44	89
44	96
44	98
44	99
45	46
45	47
45	48
45	50
45	60
45	91
46	55
46	59
46	62
46	63
46	90
46	91
46	94
46	98
47	50
47	60
47	61
47	67
47	70
47	71
47	78
47	83
47	87
47	91
47	92
47	95
48	49
48	72
48	77
48	80
48	84
48	86
48	95
49	58
49	59
49	74
49	77
49	78
49	79
49	82
49	84
49	86
49	88
49	91
49	97
49	98
50	51
50	53
50	63
50	64
50	85
50	96
50	98
51	59
51	61
51	62
51	63
51	75
51	80
51	81
51	86
51	94
51	97
51	99
52	53
52	71
52	76
52	79
52	80
52	87
52	95
53	55
53	74
53	85
53	88
53	89
54	63
54	65
54	86
55	60
55	62
55	96
55	99
56	59
56	62
56	81
56	83
56	92
57	71
57	73
57	77
57	79
57	81
57	93
58	59
58	63
58	67
58	70
58	74
58	93
59	65
59	86
59	90
59	91
59	93
60	63
60	65
60	66
60	72
60	73
60	86
60	99
61	71
61	87
61	91
61	98
62	64
62	77
62	86
62	87
62	95
63	71
63	73
63	76
63	81
63	82
63	93
63	94
63	95
63	96
64	71
64	75
64	76
64	80
64	81
65	69
65	77
65	80
65	91
66	77
66	78
66	79
66	83
66	88
66	89
67	81
67	88
68	76
68	77
68	78
68	86
68	92
68	93
68	94
68	98
69	70
69	71
69	73
69	81
69	89
70	80
70	81
70	82
70	83
70	98
71	75
71	80
71	82
71	84
71	86
71	87
71	91
72	77
72	84
72	88
72	97
73	78
73	81
73	83
73	87
73	93
73	97
74	75
74	79
74	90
74	93
74	95
74	99
75	80
75	86
77	79
78	81
78	88
78	95
78	96
79	83
79	86
79	96
80	85
80	87
80	92
80	98
81	99
82	83
82	88
83	86
83	94
83	96
84	86
84	95
84	99
86	98
86	99
87	88
87	92
87	97
87	99
88	91
88	93
89	91
90	95
90	98
93	99
94	95
94	97
96	97
