0	2
0	3
0	8
0	9
0	18
0	27
0	29
0	31
0	34
0	44
0	48
0	57
0	58
0	60
0	61
0	69
0	80
0	81
0	92
0	93
0	96
1	5
1	7
1	14
1	30
1	43
1	46
1	49
1	55
1	66
1	79
1	87
1	91
2	19
2	25
2	31
2	32
2	36
2	39
2	43
2	48
2	57
2	65
2	67
2	68
2	75
2	78
2	83
3	12
3	15
3	20
3	21
3	22
3	37
3	44
3	45
3	62
3	63
3	66
3	68
3	84
3	89
3	91
4	10
4	15
4	24
4	42
4	58
4	60
4	64
4	67
4	69
4	72
4	78
4	87
4	91
4	94
4	96
5	7
5	16
5	17
5	30
5	33
5	34
5	43
5	48
5	53
5	60
5	70
5	71
5	82
5	86
5	97
6	7
6	18
6	26
6	30
6	34
6	38
6	41
6	43
6	45
6	46
6	49
6	50
6	63
6	65
6	69
6	73
6	77
6	78
6	80
6	89
6	95
7	10
7	15
7	38
7	47
7	50
7	51
7	52
7	54
7	64
7	76
7	79
7	84
7	86
7	91
7	92
7	95
7	98
8	10
8	12
8	15
8	23
8	25
8	53
8	56
8	57
8	64
8	65
8	66
8	73
8	78
8	93
8	97
8	98
8	99
9	10
9	13
9	14
9	17
9	23
9	24
9	27
9	29
9	34
9	40
9	47
9	50
9	51
9	56
9	74
9	75
9	77
9	79
9	93
10	11
10	17
10	22
10	27
10	30
10	37
10	39
10	49
10	68
10	69
10	72
10	76
10	82
10	83
10	90
10	98
11	12
11	22
11	26
11	28
11	31
11	40
11	54
11	56
11	60
11	71
11	81
11	87
12	17
12	19
12	29
12	43
12	50
12	64
12	70
12	72
12	74
12	75
12	89
12	95
12	96
12	97
13	16
13	22
13	27
13	28
13	37
13	43
13	46
13	47
13	48
13	49
13	54
13	57
13	75
13	76
13	80
13	84
13	92
13	94
13	95
14	19
14	22
14	29
14	30
14	34
14	46
14	60
14	76
14	80
14	81
14	83
14	84
14	87
14	88
14	92
14	96
15	23
15	27
15	28
15	30
15	49
15	61
15	66
15	70
15	76
15	82
15	83
15	86
15	91
15	94
16	22
16	24
16	39
16	44
16	52
16	55
16	69
16	72
16	80
16	84
16	85
16	91
16	92
16	95
16	96
16	97
17	23
17	27
17	28
17	38
17	39
17	40
17	50
17	52
17	53
17	56
17	58
17	67
17	83
17	88
17	90
18	24
18	27
18	32
18	36
18	38
18	39
18	54
18	56
18	59
18	60
18	63
18	67
18	69
18	94
18	96
19	29
19	30
19	36
19	38
19	43
19	52
19	54
19	58
19	60
19	66
19	69
19	70
19	81
19	87
19	91
20	30
20	32
20	41
20	49
20	50
20	51
20	57
20	62
20	63
20	79
20	87
20	89
20	96
21	40
21	52
21	57
21	58
21	62
21	63
21	66
21	73
21	80
21	83
21	84
21	89
21	97
21	98
22	34
22	35
22	40
22	43
22	58
22	59
22	64
22	67
22	77
22	85
22	93
22	94
23	27
23	32
23	33
23	36
23	44
23	47
23	52
23	61
23	65
23	74
23	85
23	87
23	94
24	29
24	40
24	43
24	46
24	55
24	62
24	68
24	70
24	76
24	77
24	92
25	34
25	44
25	45
25	63
25	67
25	88
25	94
25	96
26	38
26	41
26	51
26	60
26	65
26	68
26	77
26	97
27	29
27	41
27	42
27	52
27	53
27	57
27	59
27	63
27	70
27	79
27	80
27	84
27	86
28	35
28	44
28	49
28	51
28	54
28	55
28	61
28	62
28	68
28	70
28	77
28	85
28	91
28	92
29	47
29	50
29	58
29	86
29	95
30	34
30	35
30	39
30	40
30	53
30	58
30	82
30	85
30	86
30	93
30	94
31	37
31	40
31	46
31	58
31	60
31	71
31	72
31	87
31	88
31	97
31	98
32	40
32	54
32	73
32	79
32	88
32	94
33	46
33	47
33	52
33	56
33	85
33	89
34	47
34	51
34	53
34	54
34	55
34	72
34	73
34	75
34	82
34	84
34	94
35	37
35	41
35	47
35	58
35	66
35	69
35	70
35	71
35	72
35	84
35	89
35	95
36	38
36	49
36	56
36	66
36	69
36	81
36	89
37	49
37	52
37	61
37	64
37	65
37	70
37	73
37	97
38	48
38	54
38	84
38	89
38	93
39	61
39	64
39	67
39	72
39	76
39	79
39	81
39	97
40	47
40	52
40	65
40	69
40	81
40	93
40	99
41	44
41	56
41	63
41	66
41	86
41	88
41	95
42	50
42	55
42	72
42	75
42	77
42	80
42	81
42	88
42	90
43	77
43	79
44	47
44	48
44	50
44	51
44	56
44	58
44	64
44	67
44	82
44	84
44	86
44	96
44	97
45	52
45	53
45	60
45	70
45	75
45	84
45	86
45	89
46	47
46	53
46	64
46	68
46	70
46	76
46	77
46	84
46	94
46	96
47	48
47	49
47	56
47	59
47	61
47	62
47	66
47	82
47	84
47	86
47	92
47	97
48	53
48	62
48	75
48	78
48	86
48	92
48	96
49	56
49	67
49	71
49	80
49	82
49	85
49	87
50	54
50	56
50	62
50	67
50	73
50	76
50	88
50	90
50	92
51	61
51	64
51	66
51	68
51	70
51	71
51	77
51	96
52	69
52	71
52	72
52	73
52	80
53	55
53	56
53	63
53	75
53	76
53	83
53	98
54	56
54	58
54	62
54	65
54	67
54	69
54	71
54	72
54	78
54	80
54	90
55	57
55	59
55	60
55	64
55	85
55	90
55	91
55	96
55	97
56	62
56	73
56	85
56	93
56	95
57	77
57	80
57	85
57	86
57	90
57	91
57	96
58	62
58	68
58	70
58	79
58	83
58	85
58	89
58	95
59	73
59	74
59	84
59	94
60	66
60	67
60	75
60	78
60	80
60	85
60	90
60	98
61	65
61	68
61	78
61	81
61	87
61	94
62	73
62	81
62	86
63	71
63	72
63	75
63	76
63	99
64	69
64	74
64	85
64	86
64	96
65	74
65	77
65	79
65	84
65	86
65	87
65	88
65	90
65	91
65	93
65	94
66	70
66	71
66	74
66	85
66	86
66	95
67	78
67	79
67	80
67	83
67	98
68	71
68	73
68	86
68	88
68	89
69	73
69	74
69	78
69	94
70	75
70	76
70	84
70	86
70	93
70	96
70	99
71	73
71	74
71	76
71	83
71	84
71	98
71	99
72	78
73	78
73	87
73	88
73	90
73	91
73	95
73	98
74	76
74	78
74	84
74	85
75	77
75	78
75	80
75	86
75	92
76	84
76	97
77	83
77	85
77	88
77	94
77	97
77	98
78	81
78	84
79	82
79	94
79	99
80	83
80	96
81	87
82	85
82	87
83	94
84	85
84	94
86	89
87	89
87	95
88	96
89	91
89	93
89	95
89	96
90	92
90	95
90	99
91	92
92	94
92	99
94	97
94	98
