0	5
0	6
0	7
0	12
0	13
0	21
0	22
0	34
0	37
0	45
0	61
0	64
0	69
0	71
0	74
0	79
0	83
0	84
0	92
0	95
0	99
1	17
1	41
1	44
1	49
1	53
1	54
1	56
1	67
1	68
1	71
1	80
1	85
1	92
1	94
2	6
2	12
2	14
2	16
2	23
2	27
2	30
2	42
2	48
2	56
2	58
2	60
2	81
2	86
2	87
2	88
3	9
3	16
3	20
3	22
3	39
3	54
3	63
3	64
3	82
3	83
3	97
4	8
4	11
4	21
4	23
4	41
4	54
4	65
4	70
4	76
4	80
4	89
4	90
4	93
5	49
5	53
5	73
5	89
6	12
6	13
6	21
6	26
6	28
6	36
6	38
6	41
6	42
6	44
6	52
6	54
6	59
6	68
6	69
6	74
6	77
6	78
6	79
6	85
7	11
7	13
7	14
7	15
7	20
7	21
7	30
7	47
7	50
7	52
7	64
7	73
7	74
7	86
8	11
8	14
8	15
8	36
8	43
8	44
8	47
8	49
8	50
8	62
8	68
8	74
8	96
9	17
9	20
9	38
9	41
9	42
9	49
9	58
9	59
9	65
9	75
9	76
9	78
9	79
9	81
9	92
9	96
10	17
10	23
10	25
10	37
10	38
10	51
10	55
10	66
10	68
10	74
10	82
10	96
11	13
11	25
11	34
11	40
11	42
11	44
11	61
11	74
11	76
11	80
11	96
12	14
12	15
12	22
12	23
12	35
12	38
12	42
12	53
12	56
12	57
12	62
12	63
12	70
12	72
12	85
12	87
13	21
13	23
13	26
13	29
13	37
13	38
13	43
13	55
13	58
13	59
13	62
13	64
13	80
13	90
13	97
13	98
14	44
14	45
14	66
14	72
14	79
14	82
14	84
14	91
14	94
14	95
15	17
15	24
15	26
15	32
15	34
15	35
15	36
15	48
15	58
15	61
15	62
15	65
15	73
15	76
15	77
15	78
15	83
15	85
15	91
15	95
15	99
16	18
16	32
16	35
16	36
16	45
16	46
16	48
16	72
16	77
16	88
16	90
16	92
17	23
17	26
17	33
17	35
17	41
17	45
17	50
17	58
17	75
17	84
17	95
18	21
18	22
18	23
18	27
18	31
18	41
18	43
18	49
18	68
18	69
18	70
18	73
18	75
18	79
18	80
18	81
18	89
18	92
18	98
18	99
19	26
19	40
19	52
19	54
19	59
19	64
19	73
19	74
19	77
19	82
19	88
19	95
19	96
19	97
19	99
20	26
20	33
20	39
20	66
20	68
20	72
20	77
20	78
20	83
20	94
20	99
21	24
21	27
21	28
21	29
21	32
21	37
21	38
21	41
21	48
21	54
21	60
21	65
21	70
21	71
21	72
21	75
21	76
21	78
21	84
21	86
21	87
22	33
22	34
22	39
22	41
22	65
22	67
22	68
22	83
22	89
22	95
23	24
23	27
23	39
23	46
23	55
23	58
23	70
23	72
23	76
23	78
24	28
24	47
24	51
24	55
24	59
24	73
24	91
24	99
25	50
25	61
25	82
25	85
25	89
25	92
26	30
26	37
26	44
26	46
26	66
26	89
26	95
27	28
27	30
27	47
27	48
27	62
27	64
27	67
27	69
27	70
27	71
27	81
27	88
27	99
28	36
28	38
28	41
28	42
28	51
28	52
28	57
28	58
28	59
28	60
28	75
28	76
28	77
28	81
28	90
29	30
29	34
29	38
29	60
29	92
29	95
29	98
30	33
30	38
30	41
30	56
30	60
30	62
30	64
30	65
30	67
30	69
30	71
30	76
30	82
30	86
30	90
30	99
31	37
31	39
31	59
31	60
31	61
31	66
31	73
31	81
31	82
31	89
31	91
31	98
32	47
32	50
32	55
32	59
32	64
32	78
32	87
32	88
32	90
32	96
32	99
33	41
33	43
33	44
33	50
33	62
33	77
33	80
33	81
33	82
33	83
33	94
34	37
34	41
34	56
34	59
34	62
34	81
34	83
34	94
34	95
35	37
35	39
35	46
35	55
35	61
35	63
35	64
35	72
35	77
35	79
35	81
35	93
35	94
36	41
36	43
36	60
36	62
36	73
36	87
36	90
37	41
37	43
37	44
37	56
37	58
37	65
37	69
37	70
37	79
37	85
37	90
38	44
38	48
38	61
38	63
38	64
38	68
38	76
38	80
38	90
38	92
38	95
39	57
40	42
40	44
40	49
40	50
40	51
40	61
40	64
40	65
40	67
40	73
40	75
40	76
40	80
40	82
40	87
40	93
40	94
40	99
41	44
41	49
41	57
41	59
41	67
41	73
41	76
41	90
41	97
41	98
41	99
42	47
42	49
42	55
42	64
42	69
42	81
42	95
43	54
43	64
43	65
43	84
43	91
43	97
44	48
44	52
44	66
44	74
44	85
44	87
44	91
45	52
45	59
45	71
45	81
45	83
45	88
45	89
45	91
45	99
46	48
46	50
46	67
46	71
46	74
46	82
46	88
46	89
46	98
47	57
47	65
47	67
47	72
47	77
47	78
47	87
47	88
48	56
48	58
48	62
48	74
48	77
48	91
48	92
49	58
49	66
49	68
49	70
49	71
49	73
49	74
49	77
49	86
49	92
49	98
50	58
50	72
50	89
50	90
51	52
51	61
51	82
51	88
51	89
52	69
52	72
52	80
52	85
53	61
53	62
53	74
53	75
53	86
54	63
54	68
54	74
54	80
54	82
54	85
54	86
54	88
54	89
54	90
55	63
55	66
55	67
55	70
55	79
55	87
55	93
56	62
56	63
56	68
56	71
56	76
56	79
56	83
56	95
57	69
57	78
57	82
57	89
57	90
57	96
58	62
58	67
58	77
59	60
59	68
59	78
59	79
59	83
59	85
59	90
60	64
60	67
60	69
60	70
60	75
60	76
60	84
60	85
60	86
60	88
61	65
61	76
61	77
61	82
61	84
61	88
62	65
62	74
62	81
62	86
62	89
62	94
63	68
63	73
63	81
63	82
63	87
63	88
63	92
63	97
64	70
64	72
64	78
64	91
64	96
65	71
65	83
65	84
65	97
66	67
66	70
66	77
66	78
66	86
66	99
67	71
67	76
67	77
68	75
68	79
68	83
68	99
69	81
69	84
69	86
69	93
69	99
70	75
70	77
70	82
70	85
70	86
70	88
70	91
70	96
71	77
71	84
71	87
71	91
71	93
71	96
71	98
72	75
72	83
72	85
72	88
72	96
72	98
73	76
73	79
74	85
74	86
74	92
75	79
76	79
76	84
76	92
76	95
77	79
77	91
77	93
77	98
78	89
78	92
78	93
78	94
79	96
79	99
80	83
80	86
80	90
80	94
81	82
81	86
81	90
81	96
81	97
82	95
83	86
83	95
84	91
85	93
86	92
86	95
86	96
86	98
87	88
87	89
87	91
87	92
88	94
89	94
89	98
90	96
91	98
93	99
95	98
96	97
