0	6
0	20
0	25
0	43
0	56
0	62
0	70
0	74
0	78
0	80
0	90
0	97
1	3
1	30
1	34
1	39
1	47
1	53
1	75
1	78
1	93
1	99
2	3
2	14
2	15
2	23
2	24
2	32
2	42
2	43
2	56
2	66
2	71
2	79
2	91
3	4
3	5
3	18
3	24
3	29
3	35
3	36
3	49
3	50
3	53
3	54
3	76
3	78
3	83
3	84
3	92
3	93
4	6
4	14
4	25
4	32
4	37
4	54
4	55
4	57
4	66
4	67
4	82
4	89
5	29
5	32
5	41
5	42
5	47
5	54
5	65
5	73
5	78
5	81
5	90
6	8
6	20
6	22
6	23
6	40
6	43
6	50
6	64
6	67
6	72
6	73
6	79
6	84
6	90
6	91
6	94
6	99
7	9
7	14
7	16
7	21
7	46
7	49
7	50
7	61
7	66
7	67
7	70
7	73
7	78
7	83
7	95
8	14
8	19
8	21
8	28
8	32
8	40
8	49
8	57
8	60
8	63
8	65
8	68
8	75
8	77
8	78
8	83
8	91
9	26
9	31
9	33
9	36
9	40
9	41
9	47
9	60
9	62
9	65
9	71
9	88
10	33
10	36
10	51
10	58
10	78
10	80
10	86
10	91
10	92
10	93
10	95
11	14
11	16
11	44
11	53
11	54
11	71
11	78
11	82
11	92
12	14
12	18
12	19
12	26
12	39
12	42
12	45
12	53
12	57
12	59
12	65
12	67
12	76
12	81
12	84
12	96
13	24
13	29
13	30
13	33
13	40
13	42
13	43
13	46
13	48
13	50
13	52
13	53
13	59
13	60
13	64
13	81
13	84
13	86
13	89
13	93
14	15
14	23
14	28
14	31
14	32
14	43
14	48
14	52
14	74
14	80
14	85
15	22
15	26
15	31
15	32
15	48
15	64
15	69
15	80
15	87
16	30
16	37
16	38
16	60
16	63
16	65
16	68
16	75
16	76
16	77
16	82
16	88
16	96
17	21
17	28
17	30
17	32
17	37
17	43
17	51
17	55
17	65
17	94
18	32
18	38
18	40
18	41
18	48
18	68
18	84
18	89
19	20
19	23
19	45
19	49
19	50
19	54
19	59
19	61
19	70
19	75
20	21
20	24
20	42
20	56
20	62
20	72
20	83
20	90
20	91
21	24
21	26
21	30
21	32
21	45
21	47
21	62
21	66
21	67
21	71
21	72
21	77
21	95
21	96
22	23
22	29
22	32
22	36
22	45
22	47
22	48
22	71
22	72
22	86
22	94
22	95
23	29
23	36
23	41
23	57
23	64
23	68
23	71
23	90
23	97
24	32
24	42
24	49
24	50
24	51
24	55
24	65
24	66
24	68
24	72
24	85
24	97
24	99
25	26
25	27
25	31
25	33
25	34
25	35
25	36
25	52
25	55
25	59
25	78
25	79
25	82
25	83
25	85
25	90
26	27
26	28
26	32
26	52
26	57
26	64
26	72
26	75
26	79
26	80
26	92
26	98
27	31
27	35
27	38
27	41
27	50
27	52
27	65
27	68
27	77
27	82
27	83
27	85
27	89
27	91
27	92
28	43
28	45
28	50
28	51
28	52
28	61
28	62
28	66
28	67
28	69
28	71
28	72
28	87
28	89
28	99
29	43
29	60
29	62
29	66
29	72
29	73
29	75
29	76
29	84
29	85
29	90
29	95
29	98
29	99
30	42
30	52
30	59
30	67
30	68
30	82
30	88
30	89
31	33
31	36
31	39
31	40
31	49
31	58
31	64
31	65
31	66
31	74
31	76
31	77
31	79
31	85
31	89
32	33
32	40
32	44
32	46
32	47
32	55
32	57
32	59
32	61
32	80
32	81
32	91
33	38
33	46
33	51
33	63
33	64
33	68
33	73
33	81
33	86
34	35
34	42
34	45
34	52
34	56
34	59
34	70
34	72
34	80
34	90
34	92
34	93
35	36
35	37
35	52
35	53
35	64
35	65
35	68
35	74
35	90
35	99
36	41
36	56
36	59
36	63
36	65
36	68
36	80
36	87
36	89
36	92
36	93
36	98
36	99
37	41
37	66
37	69
37	74
37	82
37	84
37	97
38	39
38	40
38	45
38	52
38	64
38	66
38	80
38	86
38	87
38	92
38	93
38	96
39	42
39	48
39	52
39	56
39	60
39	62
39	64
39	88
39	90
39	99
40	42
40	47
40	52
40	58
40	69
40	75
40	86
40	89
40	93
41	52
41	59
41	63
41	96
42	43
42	50
42	75
42	81
42	84
42	88
42	96
43	46
43	53
43	62
43	82
44	58
44	70
44	72
44	86
44	94
45	50
45	51
45	52
45	63
45	70
45	71
45	76
45	79
45	93
46	48
46	49
46	50
46	51
46	63
46	65
46	68
46	71
46	78
46	79
46	88
46	90
46	97
47	53
47	54
47	71
47	76
47	87
47	93
48	58
48	65
48	74
48	85
48	86
48	87
48	88
49	53
49	56
49	57
49	61
49	67
49	72
49	78
49	86
49	89
49	95
49	96
50	55
50	72
50	79
50	87
51	58
51	61
51	69
51	74
51	79
51	80
51	85
51	91
52	57
52	66
52	74
52	76
52	79
52	86
52	90
52	94
53	57
53	58
53	67
53	69
53	72
53	80
53	81
53	82
53	95
54	77
54	79
54	81
54	87
55	72
55	74
55	75
55	85
55	88
55	95
55	98
56	58
56	82
56	83
56	86
56	90
56	97
57	62
57	77
57	80
57	97
58	71
58	72
58	74
58	89
59	66
59	69
59	71
59	73
59	74
59	75
59	79
59	90
59	94
59	96
60	68
60	69
60	76
60	77
60	82
60	84
60	88
60	90
60	93
60	95
61	67
61	68
61	71
61	84
61	87
61	98
61	99
62	71
62	75
62	86
63	70
63	91
63	93
63	98
63	99
64	81
64	86
64	97
65	69
65	77
65	79
65	87
65	93
66	72
66	74
66	78
66	82
66	84
67	73
67	74
67	93
68	69
68	75
68	82
68	83
68	92
68	97
69	70
69	84
69	86
69	87
70	81
70	82
70	84
70	88
70	90
70	97
70	98
70	99
71	73
71	76
71	85
71	91
72	81
72	86
72	90
72	92
72	94
72	95
73	88
73	97
73	99
74	89
75	81
75	88
75	94
76	79
76	82
76	83
77	93
77	97
78	84
79	85
79	87
79	88
79	92
80	83
80	85
80	92
81	88
81	97
82	83
82	86
82	91
82	92
82	93
82	99
83	91
83	94
83	95
84	95
84	96
85	97
86	87
86	95
87	89
87	91
87	92
87	93
87	94
88	91
88	94
88	99
89	91
89	97
90	92
91	93
91	94
91	95
92	94
92	99
93	95
93	98
95	97
95	99
97	99
98	99
