0	2
0	5
0	11
0	15
0	17
0	31
0	34
0	35
0	42
0	44
0	51
0	54
0	61
0	68
0	76
0	80
0	84
0	96
0	97
0	98
1	31
1	41
1	42
1	43
1	48
1	56
1	57
1	76
1	80
1	85
2	6
2	12
2	15
2	20
2	38
2	40
2	55
2	62
2	68
2	69
2	88
2	95
2	98
3	8
3	17
3	25
3	47
3	49
3	57
3	60
3	67
3	87
3	92
3	98
4	12
4	17
4	28
4	35
4	52
4	56
4	65
4	71
4	81
4	84
4	85
4	88
4	89
4	92
4	98
5	10
5	20
5	28
5	34
5	46
5	49
5	51
5	59
5	62
5	64
5	66
5	73
5	75
5	79
5	88
5	98
6	8
6	12
6	17
6	21
6	32
6	48
6	56
6	59
6	60
6	70
6	76
6	79
7	13
7	25
7	37
7	42
7	53
7	57
7	83
7	89
7	93
7	96
8	10
8	12
8	14
8	23
8	29
8	31
8	35
8	36
8	38
8	39
8	40
8	41
8	44
8	53
8	56
8	62
8	74
8	80
8	81
8	84
8	92
9	19
9	38
9	41
9	44
9	56
9	61
9	76
9	84
9	87
9	89
9	92
9	94
10	19
10	39
10	41
10	48
10	53
10	54
10	62
10	71
10	72
10	83
10	90
10	97
11	17
11	18
11	19
11	40
11	42
11	52
11	63
11	65
11	76
11	86
11	89
11	92
11	97
12	15
12	18
12	21
12	28
12	29
12	31
12	32
12	35
12	36
12	41
12	64
12	71
12	72
12	73
12	82
12	88
12	99
13	14
13	16
13	35
13	41
13	43
13	53
13	54
13	59
13	72
13	75
13	81
13	97
14	18
14	22
14	24
14	26
14	29
14	39
14	47
14	49
14	59
14	64
14	66
14	67
14	77
14	87
14	90
15	18
15	28
15	30
15	40
15	43
15	49
15	51
15	52
15	53
15	54
15	56
15	57
15	58
15	60
15	72
15	74
15	75
15	79
15	87
15	90
15	97
15	99
16	20
16	21
16	24
16	26
16	27
16	30
16	36
16	38
16	44
16	59
16	61
16	65
16	77
16	89
16	95
16	98
17	22
17	23
17	31
17	33
17	38
17	49
17	66
17	73
17	74
17	78
17	87
17	89
17	96
17	97
17	99
18	23
18	25
18	28
18	29
18	34
18	38
18	44
18	52
18	58
18	59
18	61
18	65
18	66
18	72
18	79
18	83
18	86
18	97
18	99
19	22
19	40
19	48
19	50
19	63
19	66
19	71
19	74
19	76
19	78
19	84
19	98
20	34
20	35
20	51
20	53
20	57
20	58
20	61
20	62
20	72
20	81
20	83
20	85
20	86
20	90
20	91
20	97
21	26
21	47
21	51
21	53
21	57
21	60
21	74
21	76
21	92
21	96
22	25
22	26
22	28
22	29
22	34
22	42
22	48
22	58
22	73
22	79
22	87
22	88
22	95
22	97
23	28
23	33
23	34
23	38
23	41
23	42
23	61
23	64
23	68
23	74
23	75
23	78
23	80
23	82
23	89
23	90
24	33
24	34
24	40
24	46
24	56
24	63
24	77
24	92
24	93
24	96
25	31
25	44
25	45
25	51
25	52
25	59
25	61
25	63
25	64
25	67
25	68
25	90
25	91
25	96
26	40
26	41
26	45
26	55
26	60
26	65
26	70
26	72
26	78
26	80
26	81
26	92
26	96
26	99
27	31
27	34
27	45
27	47
27	55
27	57
27	58
27	63
27	64
27	90
28	32
28	37
28	41
28	46
28	50
28	59
28	61
28	68
28	74
28	82
28	90
29	32
29	35
29	66
29	71
29	86
29	96
29	97
30	40
30	48
30	49
30	52
30	55
30	58
30	59
30	65
30	66
30	69
30	86
30	97
30	99
31	49
31	51
31	71
31	72
31	73
31	78
31	87
31	91
31	93
31	94
31	95
32	34
32	49
32	55
32	65
32	69
32	72
32	80
32	82
32	84
32	87
32	90
33	34
33	35
33	43
33	57
33	65
33	67
33	73
33	74
33	92
34	46
34	53
34	67
34	69
34	70
34	78
34	83
34	88
34	94
34	95
34	97
35	39
35	43
35	45
35	56
35	81
35	83
35	87
35	89
35	94
35	97
36	37
36	52
36	70
36	75
36	86
36	90
37	55
37	63
37	70
37	81
37	85
37	90
37	92
37	94
37	99
38	46
38	63
38	67
38	68
38	73
38	81
38	87
38	95
39	44
39	45
39	47
39	48
39	52
39	66
39	77
39	80
39	82
39	88
39	93
39	96
40	42
40	45
40	46
40	48
40	52
40	58
40	68
40	69
40	83
40	91
40	93
40	97
41	71
41	79
41	80
41	90
42	43
42	48
42	77
42	80
42	81
42	92
42	98
43	53
43	67
43	82
43	83
43	93
43	97
44	48
44	62
44	66
44	69
44	71
44	88
44	91
44	92
45	52
45	56
45	63
45	68
45	77
45	84
45	89
46	53
46	54
46	61
46	66
46	69
46	90
46	97
47	57
47	71
47	77
47	83
47	86
48	51
48	56
48	58
48	78
48	83
48	90
48	94
49	50
49	52
49	59
49	61
49	65
49	79
49	93
50	52
50	56
50	64
50	75
50	84
50	89
50	90
50	99
51	52
51	59
51	75
51	79
51	85
51	91
52	58
52	73
52	74
52	80
52	86
52	92
52	99
53	66
53	68
53	77
53	79
53	84
53	88
53	91
53	93
53	94
53	95
53	96
54	60
54	66
54	69
54	77
54	79
54	81
54	82
54	88
54	89
55	57
55	59
55	81
55	88
56	60
56	61
56	68
56	73
56	79
56	83
56	89
56	90
57	64
57	71
57	73
57	78
57	80
57	82
58	64
58	67
58	83
58	89
59	62
59	86
59	88
59	89
59	90
59	91
60	62
60	67
60	73
60	82
60	95
60	97
60	98
61	62
61	73
61	75
61	76
61	78
61	83
61	92
61	93
61	94
61	96
62	63
62	67
62	75
62	86
62	88
62	89
62	98
63	72
63	77
63	89
63	91
63	94
64	69
64	90
65	70
65	78
65	89
65	95
65	98
66	70
67	68
67	73
67	82
67	83
67	88
67	90
68	75
68	82
68	86
68	88
68	93
68	99
69	96
70	73
70	85
70	90
71	74
71	82
72	74
72	88
72	97
72	99
73	74
73	81
73	88
74	83
74	87
74	96
74	97
75	76
75	81
75	82
75	84
75	85
75	88
75	89
75	90
75	96
76	82
76	83
77	82
77	83
77	94
78	84
78	85
78	91
78	92
78	96
78	99
79	92
79	93
79	95
79	99
80	82
80	90
80	93
80	94
81	85
81	90
81	96
81	97
82	86
84	86
84	87
84	89
84	90
84	92
84	99
85	88
85	89
86	95
86	98
88	95
88	97
89	97
89	99
90	92
90	97
93	94
94	99
95	99
96	97
96	99
97	98
