0	2
0	5
0	6
0	10
0	12
0	17
0	44
0	45
0	52
0	54
0	56
0	62
0	70
0	82
1	2
1	3
1	14
1	31
1	36
1	41
1	50
1	66
1	67
1	79
1	81
1	85
1	95
1	98
2	3
2	11
2	12
2	15
2	16
2	18
2	20
2	21
2	29
2	33
2	39
2	58
2	59
2	67
2	72
2	81
2	85
3	19
3	22
3	32
3	35
3	39
3	45
3	49
3	60
3	65
3	66
3	67
4	14
4	28
4	35
4	45
4	56
4	64
4	81
4	85
4	89
4	92
5	9
5	10
5	33
5	36
5	49
5	57
5	58
5	59
5	74
5	98
6	9
6	11
6	13
6	21
6	33
6	36
6	37
6	40
6	43
6	47
6	60
6	83
6	86
6	88
6	90
6	94
6	97
7	12
7	13
7	14
7	16
7	25
7	34
7	49
7	52
7	63
7	85
7	99
8	9
8	11
8	17
8	39
8	43
8	51
8	71
8	73
8	78
8	85
8	99
9	10
9	21
9	22
9	34
9	40
9	43
9	50
9	51
9	52
9	54
9	82
9	89
9	91
10	22
10	36
10	42
10	47
10	49
10	51
10	53
10	58
10	66
10	71
10	73
10	80
10	81
10	95
11	16
11	18
11	20
11	21
11	32
11	37
11	40
11	44
11	45
11	47
11	62
11	72
11	73
11	83
11	91
11	92
11	96
12	20
12	21
12	24
12	29
12	31
12	32
12	37
12	47
12	58
12	71
12	80
12	81
12	84
12	89
12	94
12	95
12	99
13	33
13	47
13	51
13	54
13	71
13	73
13	85
13	90
14	32
14	37
14	42
14	43
14	59
14	61
14	62
14	63
14	67
14	75
14	77
14	80
14	86
14	87
14	92
15	16
15	18
15	19
15	39
15	41
15	44
15	47
15	55
15	61
15	65
15	68
15	94
16	20
16	22
16	38
16	39
16	40
16	52
16	59
16	68
16	82
16	84
16	93
16	96
16	97
17	30
17	35
17	46
17	48
17	50
17	51
17	57
17	58
17	59
17	64
17	69
17	82
17	83
17	85
17	96
18	22
18	27
18	32
18	40
18	41
18	46
18	54
18	55
18	89
18	94
18	95
19	23
19	49
19	55
19	60
19	62
19	65
19	70
19	82
19	92
19	96
20	21
20	22
20	34
20	47
20	61
20	81
20	87
20	89
20	91
20	94
20	97
20	99
21	26
21	30
21	34
21	36
21	44
21	49
21	60
21	62
21	68
21	77
21	89
22	24
22	39
22	42
22	43
22	48
22	52
22	65
22	69
22	74
22	76
22	98
23	33
23	48
23	69
23	71
23	79
23	83
23	87
23	90
23	93
23	98
24	30
24	57
24	60
24	63
24	64
24	69
24	70
24	71
24	77
24	80
24	87
24	91
24	99
25	37
25	42
25	50
25	59
25	60
25	62
25	63
25	67
25	94
25	96
26	31
26	35
26	38
26	40
26	48
26	58
26	65
26	67
26	68
26	69
26	78
26	83
26	88
26	95
27	34
27	43
27	44
27	69
27	73
27	74
27	83
27	87
28	31
28	32
28	43
28	47
28	54
28	55
28	59
28	63
28	67
28	70
28	88
28	91
28	94
28	98
29	37
29	68
29	69
29	72
29	76
29	80
29	91
29	96
30	32
30	33
30	44
30	47
30	54
30	55
30	57
30	58
30	59
30	65
30	67
30	68
30	71
30	73
30	80
30	88
30	93
30	95
31	36
31	39
31	47
31	50
31	57
31	67
31	70
31	75
31	78
31	82
31	85
32	35
32	37
32	52
32	54
32	57
32	60
32	72
32	77
32	87
32	88
33	55
33	64
33	69
33	74
33	75
33	76
33	77
33	81
33	86
33	90
34	43
34	47
34	59
34	61
34	65
34	70
34	86
34	93
34	95
35	40
35	42
35	56
35	61
35	66
35	67
35	77
35	80
35	81
36	37
36	41
36	46
36	53
36	56
36	64
36	66
36	71
36	79
36	90
36	92
37	41
37	50
37	55
37	60
37	76
37	84
37	86
37	90
37	94
38	40
38	43
38	53
38	61
38	66
38	75
38	82
38	89
38	94
38	95
38	99
39	53
39	67
39	69
39	72
39	73
39	76
39	78
39	81
39	84
39	85
39	92
39	93
39	99
40	43
40	58
40	65
40	69
40	70
40	95
40	98
41	42
41	43
41	50
41	56
41	58
41	67
41	70
41	71
41	79
41	88
41	89
42	48
42	49
42	52
42	53
42	57
42	64
42	71
42	98
43	55
43	56
43	60
43	64
43	67
43	90
43	91
43	96
44	58
44	75
44	82
44	83
44	85
44	87
44	92
44	98
45	49
45	58
45	62
45	66
45	77
45	80
45	86
45	93
45	96
46	51
46	69
46	86
46	91
46	92
46	96
47	52
47	61
47	67
47	70
47	72
47	73
47	75
48	66
48	67
48	71
48	74
48	80
48	94
48	96
49	50
49	51
49	53
49	56
49	57
49	58
49	62
49	64
49	65
49	68
49	74
49	78
49	79
49	91
49	97
49	99
50	54
50	56
50	81
50	93
51	59
51	61
51	68
51	72
51	78
51	80
51	86
51	92
51	93
51	99
52	56
52	57
52	61
52	67
52	72
52	90
53	57
53	60
53	62
53	64
53	66
53	74
53	75
53	76
54	55
54	62
54	81
54	83
54	89
54	94
55	60
55	62
55	64
55	71
55	94
55	95
55	97
56	57
56	71
56	72
56	77
56	79
56	82
57	69
57	81
57	88
57	89
57	91
57	95
58	69
58	85
59	64
59	71
59	72
59	80
59	83
59	84
59	85
59	87
59	98
60	88
60	91
60	92
60	94
61	67
61	76
61	86
62	73
62	74
62	75
62	84
62	85
62	87
62	98
63	69
63	92
63	96
63	98
64	84
64	99
65	73
65	77
65	80
65	81
65	87
65	91
66	72
66	79
66	84
66	88
66	94
66	96
67	73
67	97
68	69
68	84
68	86
68	88
68	93
68	94
69	73
69	74
69	86
70	74
70	89
70	91
70	95
70	99
71	80
71	89
71	96
72	76
72	87
72	89
73	74
73	77
73	80
73	87
74	75
74	76
74	80
74	85
74	88
74	92
74	95
74	99
75	84
75	92
75	93
75	99
76	88
76	92
77	84
77	90
77	92
78	79
78	81
78	87
78	94
79	82
80	93
80	98
80	99
81	82
81	90
81	91
81	92
82	91
82	96
82	97
83	86
83	88
83	92
83	96
83	97
85	89
85	98
86	88
86	92
86	97
86	98
86	99
87	90
88	94
89	91
90	93
91	93
91	99
93	97
93	99
95	99
96	99
98	99
