0	1
0	6
0	15
0	39
0	82
0	85
0	87
0	92
0	93
0	94
0	98
1	12
1	19
1	34
1	35
1	40
1	48
1	61
1	67
1	85
1	95
2	3
2	6
2	17
2	21
2	29
2	39
2	43
2	46
2	48
2	55
2	69
2	73
2	80
2	86
2	87
2	90
2	94
2	99
3	7
3	17
3	18
3	19
3	26
3	41
3	44
3	61
3	68
3	72
3	73
3	77
3	78
3	82
4	8
4	10
4	27
4	30
4	43
4	51
4	55
4	78
4	91
4	93
4	96
4	98
4	99
5	13
5	17
5	21
5	27
5	40
5	41
5	44
5	53
5	59
5	62
5	64
5	68
5	72
5	73
6	11
6	25
6	38
6	62
6	68
6	86
6	95
7	12
7	14
7	20
7	27
7	34
7	43
7	56
7	84
7	95
7	96
7	97
8	11
8	18
8	42
8	60
8	61
8	62
8	68
8	73
8	81
8	82
8	85
8	87
8	96
8	97
9	17
9	20
9	32
9	54
9	64
9	72
9	73
9	75
9	83
9	86
9	87
9	99
10	12
10	19
10	25
10	30
10	33
10	38
10	44
10	53
10	73
10	76
10	81
10	83
10	92
10	94
10	96
11	19
11	26
11	33
11	36
11	38
11	42
11	45
11	52
11	55
11	71
11	73
11	79
11	81
11	89
11	91
11	94
12	13
12	17
12	19
12	26
12	28
12	33
12	34
12	36
12	40
12	50
12	51
12	52
12	56
12	61
12	69
12	81
12	82
12	84
12	89
13	20
13	29
13	34
13	35
13	39
13	48
13	50
13	53
13	76
13	79
13	81
13	91
13	93
14	34
14	51
14	59
14	66
14	67
14	71
14	72
14	73
14	82
14	85
14	90
14	91
15	42
15	44
15	45
15	46
15	51
15	59
15	63
15	82
16	20
16	30
16	36
16	44
16	52
16	53
16	55
16	65
16	69
16	75
16	92
17	21
17	24
17	31
17	35
17	55
17	63
17	65
17	69
17	77
17	90
18	20
18	30
18	34
18	35
18	37
18	46
18	48
18	56
18	80
18	82
18	91
18	92
19	22
19	36
19	37
19	44
19	45
19	64
19	72
19	78
19	86
19	87
19	96
20	37
20	48
20	50
20	57
20	69
20	71
20	80
20	91
20	93
20	96
20	98
21	22
21	31
21	35
21	38
21	50
21	54
21	62
21	63
21	66
21	68
21	71
21	82
21	83
21	85
21	88
21	93
22	25
22	28
22	31
22	55
22	59
22	73
22	76
22	85
22	93
22	97
22	99
23	29
23	37
23	50
23	60
23	67
23	77
23	88
23	98
23	99
24	47
24	52
24	53
24	54
24	60
24	68
24	71
24	73
24	80
24	83
24	99
25	26
25	27
25	39
25	40
25	51
25	61
25	68
25	69
25	72
25	73
25	75
25	77
25	84
25	88
25	93
25	99
26	31
26	32
26	37
26	38
26	42
26	48
26	49
26	50
26	51
26	55
26	57
26	69
26	73
26	74
26	79
26	82
26	84
26	97
27	38
27	41
27	59
27	61
27	67
27	84
27	91
27	95
27	99
28	49
28	52
28	60
28	81
28	87
28	88
28	98
29	36
29	40
29	53
29	71
29	72
29	81
29	83
29	90
30	35
30	50
30	53
30	55
30	56
30	58
30	76
30	82
30	92
30	97
31	41
31	46
31	51
31	58
31	77
31	79
31	81
31	83
31	96
31	99
32	40
32	42
32	45
32	46
32	48
32	49
32	51
32	55
32	73
32	79
32	84
32	89
32	93
33	39
33	44
33	64
33	65
33	72
33	78
33	90
33	91
34	37
34	38
34	42
34	51
34	56
34	59
34	62
34	73
34	74
35	39
35	40
35	41
35	46
35	70
35	72
35	73
35	79
35	89
35	91
35	98
36	49
36	56
36	64
36	76
36	81
36	94
36	97
37	48
37	53
37	56
37	57
37	58
37	63
37	67
37	86
37	89
37	92
37	97
38	40
38	42
38	49
38	50
38	67
38	77
39	55
39	63
39	67
39	70
39	87
39	88
39	90
39	92
39	96
39	97
40	45
40	49
40	51
40	56
40	58
40	64
40	67
40	71
40	76
40	92
41	43
41	57
41	63
41	66
41	73
41	91
41	97
42	48
42	51
42	56
42	65
42	67
42	68
42	86
42	96
43	45
43	51
43	55
43	60
43	69
43	74
43	78
43	81
43	84
43	97
44	49
44	54
44	62
44	68
44	78
44	79
44	84
44	85
44	90
44	91
45	54
45	57
45	58
45	64
45	65
45	74
45	75
45	77
45	82
45	92
45	94
45	96
46	49
46	56
46	57
46	62
46	65
46	73
46	76
46	81
46	93
46	95
47	55
47	73
47	82
47	91
47	96
48	58
48	60
48	61
48	70
48	75
48	97
48	99
49	57
49	60
49	61
49	68
49	78
49	79
49	83
50	74
50	88
51	55
51	61
51	62
51	65
51	76
51	81
51	83
51	84
51	93
51	95
52	53
52	55
52	57
52	66
52	88
53	68
53	73
53	84
53	99
54	56
54	63
54	65
54	66
54	76
54	77
54	82
54	88
54	98
54	99
55	64
55	70
55	71
55	86
55	90
55	97
56	58
56	66
56	67
56	72
56	73
56	77
56	85
57	61
57	63
57	67
57	90
57	91
58	63
58	70
58	73
58	75
58	81
58	86
58	90
59	60
59	61
59	63
59	72
59	76
59	79
59	89
60	61
60	83
60	89
61	75
61	77
61	79
61	81
61	83
61	86
62	63
62	64
62	70
62	78
62	80
62	94
63	92
64	80
64	84
64	92
65	69
65	75
65	77
65	78
65	88
65	89
65	93
66	69
66	90
67	73
67	74
67	88
67	91
67	96
68	72
68	79
68	87
68	88
69	76
69	78
69	81
70	75
70	78
70	81
70	85
70	87
71	74
71	76
71	79
71	81
71	86
71	90
71	95
71	99
72	73
72	75
72	78
72	88
72	92
73	81
73	84
73	86
73	88
73	90
73	92
73	94
74	87
74	88
75	76
75	87
75	88
75	92
75	98
76	79
76	80
76	86
76	87
76	93
76	97
78	79
79	89
79	92
79	99
80	85
81	83
81	89
81	93
81	96
81	99
82	97
82	98
83	98
84	88
84	91
85	88
85	89
86	87
86	90
87	92
87	93
89	94
90	93
90	97
91	92
91	93
91	99
92	95
92	96
92	98
93	94
93	95
94	96
96	97
