0	6
0	7
0	9
0	12
0	14
0	16
0	18
0	20
0	21
0	22
0	24
0	25
0	28
0	31
0	33
0	34
0	36
0	37
0	38
0	39
0	40
0	42
0	43
0	44
0	50
0	56
0	57
0	59
0	60
0	66
0	69
0	71
0	75
0	76
0	77
0	80
0	82
0	83
0	84
0	85
0	87
0	92
0	94
0	95
0	99
1	3
1	4
1	6
1	10
1	11
1	13
1	16
1	20
1	23
1	27
1	28
1	30
1	31
1	32
1	36
1	40
1	41
1	42
1	44
1	48
1	65
1	66
1	67
1	70
1	71
1	72
1	75
1	76
1	80
1	81
1	82
1	84
1	86
1	87
1	88
1	89
1	90
1	92
1	95
1	96
1	98
1	99
2	5
2	6
2	8
2	12
2	13
2	14
2	15
2	16
2	18
2	19
2	24
2	26
2	32
2	33
2	34
2	36
2	38
2	39
2	40
2	42
2	46
2	48
2	49
2	51
2	52
2	53
2	54
2	57
2	58
2	62
2	64
2	66
2	67
2	68
2	71
2	75
2	77
2	78
2	81
2	82
2	84
2	85
2	88
2	90
2	91
2	92
2	97
3	5
3	6
3	8
3	9
3	11
3	12
3	14
3	16
3	17
3	19
3	21
3	24
3	29
3	32
3	33
3	34
3	36
3	37
3	38
3	40
3	41
3	43
3	44
3	46
3	53
3	55
3	58
3	59
3	61
3	63
3	65
3	70
3	71
3	72
3	73
3	77
3	78
3	79
3	80
3	82
3	84
3	85
3	88
3	89
3	90
3	91
3	92
3	95
3	98
4	5
4	6
4	7
4	10
4	11
4	12
4	13
4	15
4	17
4	18
4	19
4	29
4	31
4	32
4	33
4	36
4	38
4	39
4	42
4	46
4	47
4	52
4	56
4	59
4	60
4	62
4	63
4	66
4	71
4	72
4	75
4	77
4	79
4	80
4	81
4	86
4	88
4	90
4	91
4	98
5	6
5	7
5	8
5	9
5	12
5	13
5	16
5	17
5	18
5	19
5	21
5	25
5	27
5	29
5	30
5	32
5	34
5	35
5	37
5	38
5	44
5	45
5	47
5	48
5	49
5	50
5	56
5	58
5	60
5	62
5	65
5	67
5	68
5	69
5	70
5	71
5	73
5	77
5	78
5	80
5	84
5	86
5	88
5	89
5	90
5	94
5	98
5	99
6	7
6	9
6	10
6	12
6	17
6	18
6	19
6	23
6	24
6	26
6	29
6	30
6	31
6	32
6	33
6	38
6	39
6	40
6	41
6	43
6	44
6	46
6	47
6	49
6	50
6	52
6	53
6	54
6	55
6	56
6	60
6	63
6	64
6	65
6	69
6	70
6	71
6	72
6	74
6	75
6	76
6	77
6	79
6	81
6	84
6	88
6	89
6	91
6	94
6	99
7	8
7	10
7	11
7	17
7	18
7	19
7	20
7	21
7	24
7	25
7	26
7	28
7	32
7	33
7	34
7	35
7	36
7	38
7	46
7	49
7	53
7	55
7	56
7	57
7	58
7	63
7	64
7	66
7	68
7	70
7	71
7	72
7	74
7	77
7	80
7	83
7	84
7	85
7	87
7	88
7	90
7	94
7	95
7	97
7	99
8	11
8	12
8	15
8	16
8	17
8	19
8	24
8	26
8	28
8	30
8	31
8	32
8	36
8	37
8	38
8	40
8	41
8	42
8	43
8	47
8	49
8	53
8	56
8	57
8	61
8	65
8	66
8	69
8	73
8	74
8	76
8	77
8	84
8	88
8	92
8	94
8	95
8	99
9	13
9	16
9	18
9	20
9	21
9	23
9	26
9	27
9	28
9	29
9	30
9	31
9	34
9	35
9	37
9	39
9	41
9	45
9	47
9	48
9	49
9	50
9	53
9	57
9	58
9	61
9	62
9	63
9	65
9	67
9	68
9	69
9	71
9	73
9	75
9	76
9	77
9	80
9	85
9	86
9	90
9	92
9	93
9	95
9	98
9	99
10	12
10	13
10	14
10	15
10	17
10	18
10	19
10	21
10	22
10	26
10	27
10	28
10	30
10	31
10	37
10	42
10	43
10	44
10	48
10	49
10	51
10	52
10	54
10	56
10	57
10	58
10	61
10	63
10	64
10	65
10	66
10	67
10	76
10	80
10	84
10	88
10	89
10	91
10	93
10	94
10	96
10	97
10	98
11	14
11	17
11	18
11	19
11	21
11	23
11	26
11	30
11	33
11	36
11	37
11	38
11	39
11	40
11	47
11	48
11	49
11	51
11	52
11	58
11	59
11	60
11	65
11	66
11	69
11	70
11	71
11	74
11	77
11	80
11	81
11	84
11	85
11	90
11	91
11	95
11	96
11	97
11	98
11	99
12	13
12	14
12	20
12	24
12	27
12	30
12	31
12	33
12	37
12	38
12	40
12	42
12	43
12	45
12	46
12	47
12	48
12	49
12	51
12	53
12	54
12	56
12	58
12	59
12	63
12	65
12	67
12	68
12	69
12	71
12	72
12	73
12	75
12	76
12	78
12	84
12	86
12	90
12	92
12	93
12	95
12	98
13	16
13	22
13	23
13	25
13	30
13	31
13	37
13	40
13	42
13	44
13	49
13	51
13	53
13	58
13	60
13	65
13	66
13	67
13	71
13	74
13	78
13	84
13	89
13	90
13	94
13	98
13	99
14	17
14	18
14	28
14	30
14	31
14	32
14	33
14	35
14	36
14	40
14	41
14	43
14	45
14	51
14	52
14	55
14	60
14	61
14	62
14	63
14	66
14	70
14	74
14	77
14	80
14	82
14	84
14	85
14	87
14	95
14	96
15	19
15	20
15	24
15	25
15	26
15	27
15	32
15	33
15	36
15	37
15	38
15	39
15	41
15	43
15	45
15	49
15	51
15	54
15	58
15	64
15	66
15	69
15	71
15	75
15	77
15	80
15	83
15	86
15	87
15	94
15	95
15	98
15	99
16	18
16	19
16	20
16	25
16	29
16	30
16	33
16	35
16	38
16	42
16	43
16	44
16	47
16	49
16	50
16	51
16	55
16	56
16	57
16	58
16	59
16	62
16	64
16	67
16	69
16	70
16	71
16	73
16	75
16	76
16	80
16	82
16	84
16	86
16	87
16	90
16	91
16	92
16	96
16	97
16	98
17	18
17	20
17	21
17	22
17	23
17	25
17	28
17	29
17	30
17	31
17	33
17	35
17	36
17	38
17	40
17	41
17	42
17	43
17	46
17	47
17	48
17	49
17	50
17	52
17	54
17	55
17	56
17	57
17	59
17	60
17	66
17	69
17	71
17	72
17	73
17	76
17	78
17	81
17	84
17	86
17	89
17	93
17	95
17	96
17	97
17	98
18	20
18	22
18	26
18	28
18	29
18	32
18	35
18	37
18	40
18	42
18	43
18	44
18	45
18	46
18	49
18	50
18	53
18	54
18	55
18	56
18	58
18	60
18	61
18	62
18	63
18	70
18	71
18	73
18	77
18	79
18	82
18	83
18	84
18	85
18	89
18	90
18	92
18	94
18	95
18	96
18	97
19	20
19	23
19	28
19	29
19	30
19	31
19	35
19	36
19	39
19	40
19	41
19	42
19	46
19	47
19	48
19	50
19	51
19	53
19	56
19	58
19	60
19	62
19	63
19	64
19	65
19	68
19	70
19	71
19	72
19	73
19	74
19	75
19	76
19	80
19	82
19	86
19	87
19	88
19	89
19	90
19	91
19	92
19	93
19	94
19	95
19	96
19	97
19	98
20	21
20	22
20	23
20	26
20	27
20	29
20	33
20	35
20	37
20	38
20	39
20	43
20	44
20	46
20	49
20	55
20	56
20	58
20	60
20	62
20	63
20	65
20	66
20	69
20	71
20	73
20	74
20	80
20	83
20	84
20	85
20	88
20	91
20	94
20	95
20	96
20	97
20	99
21	22
21	25
21	27
21	29
21	30
21	34
21	35
21	38
21	43
21	44
21	45
21	48
21	49
21	50
21	53
21	54
21	55
21	56
21	65
21	66
21	69
21	70
21	72
21	73
21	75
21	76
21	77
21	81
21	82
21	87
21	88
21	90
21	92
21	93
21	95
21	97
21	98
21	99
22	25
22	27
22	28
22	32
22	34
22	37
22	38
22	42
22	43
22	44
22	46
22	50
22	51
22	52
22	55
22	56
22	58
22	60
22	61
22	62
22	63
22	65
22	66
22	68
22	69
22	73
22	77
22	78
22	81
22	83
22	84
22	90
22	91
22	92
22	95
22	98
23	25
23	35
23	37
23	38
23	40
23	41
23	42
23	43
23	44
23	46
23	47
23	49
23	51
23	53
23	56
23	58
23	59
23	60
23	61
23	63
23	66
23	67
23	68
23	70
23	71
23	73
23	74
23	77
23	78
23	79
23	80
23	83
23	85
23	87
23	90
23	91
23	92
23	93
23	94
23	95
23	97
23	99
24	27
24	28
24	29
24	31
24	32
24	35
24	36
24	37
24	38
24	39
24	41
24	45
24	46
24	48
24	49
24	50
24	51
24	52
24	53
24	55
24	56
24	57
24	59
24	61
24	69
24	71
24	76
24	77
24	78
24	79
24	81
24	83
24	84
24	85
24	87
24	88
24	93
24	96
24	97
24	99
25	27
25	29
25	30
25	32
25	35
25	38
25	40
25	41
25	43
25	45
25	50
25	51
25	53
25	56
25	57
25	60
25	61
25	62
25	63
25	65
25	68
25	69
25	70
25	71
25	72
25	80
25	84
25	85
25	89
25	90
25	92
25	96
26	27
26	28
26	35
26	36
26	44
26	45
26	47
26	54
26	55
26	56
26	64
26	73
26	74
26	75
26	76
26	77
26	78
26	84
26	86
26	87
26	88
26	92
26	93
26	96
27	28
27	29
27	30
27	31
27	32
27	34
27	35
27	37
27	38
27	40
27	42
27	43
27	44
27	45
27	48
27	51
27	52
27	57
27	59
27	63
27	64
27	66
27	68
27	70
27	71
27	73
27	75
27	78
27	80
27	81
27	82
27	83
27	85
27	86
27	88
27	89
27	90
27	94
27	95
27	96
27	98
27	99
28	29
28	30
28	31
28	32
28	33
28	34
28	35
28	36
28	37
28	38
28	40
28	41
28	43
28	44
28	48
28	50
28	51
28	52
28	53
28	56
28	59
28	66
28	68
28	73
28	74
28	76
28	77
28	80
28	84
28	87
28	88
28	89
28	91
28	92
28	96
28	99
29	30
29	31
29	32
29	33
29	34
29	35
29	37
29	39
29	40
29	43
29	44
29	45
29	46
29	50
29	52
29	53
29	55
29	58
29	66
29	70
29	73
29	75
29	80
29	86
29	88
29	91
29	95
29	98
29	99
30	33
30	34
30	35
30	37
30	41
30	47
30	48
30	50
30	53
30	56
30	57
30	58
30	60
30	61
30	62
30	63
30	65
30	67
30	69
30	72
30	73
30	77
30	80
30	84
30	86
30	88
30	89
30	90
30	91
30	92
30	96
30	98
30	99
31	32
31	35
31	38
31	39
31	43
31	44
31	45
31	46
31	47
31	48
31	51
31	52
31	55
31	56
31	57
31	61
31	62
31	64
31	65
31	66
31	67
31	73
31	74
31	76
31	79
31	80
31	81
31	84
31	85
31	86
31	87
31	90
31	92
31	93
31	94
31	95
31	96
31	99
32	33
32	36
32	37
32	38
32	41
32	42
32	43
32	44
32	45
32	47
32	48
32	50
32	54
32	55
32	60
32	62
32	63
32	64
32	65
32	67
32	69
32	70
32	74
32	76
32	78
32	82
32	83
32	86
32	88
32	90
32	91
32	96
32	97
32	98
33	39
33	43
33	48
33	49
33	50
33	51
33	52
33	53
33	54
33	55
33	57
33	58
33	59
33	60
33	61
33	62
33	63
33	64
33	65
33	66
33	68
33	69
33	70
33	72
33	74
33	75
33	76
33	79
33	80
33	81
33	83
33	84
33	86
33	88
33	89
33	92
33	93
33	95
33	96
34	39
34	41
34	45
34	46
34	48
34	49
34	51
34	52
34	55
34	56
34	57
34	60
34	62
34	63
34	70
34	71
34	73
34	75
34	77
34	79
34	80
34	82
34	84
34	86
34	87
34	88
34	92
34	95
34	97
34	98
34	99
35	39
35	54
35	57
35	59
35	60
35	65
35	66
35	67
35	76
35	77
35	80
35	81
35	82
35	83
35	85
35	87
35	89
35	91
35	92
35	93
35	97
35	99
36	38
36	40
36	41
36	42
36	46
36	47
36	49
36	54
36	55
36	56
36	58
36	63
36	65
36	66
36	68
36	69
36	71
36	75
36	76
36	77
36	78
36	80
36	81
36	82
36	84
36	87
36	90
36	94
36	95
36	97
36	99
37	38
37	41
37	42
37	43
37	45
37	46
37	47
37	50
37	52
37	53
37	54
37	55
37	58
37	60
37	61
37	62
37	63
37	66
37	69
37	70
37	71
37	72
37	74
37	75
37	79
37	80
37	82
37	84
37	85
37	87
37	88
37	90
37	95
38	41
38	42
38	44
38	45
38	47
38	50
38	51
38	53
38	54
38	58
38	59
38	62
38	66
38	68
38	70
38	71
38	73
38	74
38	75
38	79
38	80
38	81
38	84
38	85
38	86
38	88
38	89
38	90
38	91
38	94
38	95
38	96
38	98
38	99
39	40
39	41
39	42
39	44
39	47
39	49
39	51
39	52
39	57
39	58
39	59
39	62
39	63
39	65
39	66
39	67
39	71
39	73
39	74
39	76
39	77
39	81
39	82
39	83
39	85
39	86
39	91
39	92
39	95
40	43
40	44
40	46
40	47
40	50
40	53
40	54
40	55
40	57
40	60
40	63
40	65
40	66
40	67
40	68
40	70
40	71
40	74
40	76
40	77
40	78
40	80
40	81
40	84
40	85
40	87
40	90
40	91
40	92
40	93
40	94
40	95
40	98
41	42
41	43
41	44
41	49
41	50
41	54
41	56
41	58
41	60
41	62
41	66
41	68
41	73
41	76
41	77
41	85
41	87
41	88
41	90
41	91
41	92
41	93
41	94
41	96
41	98
41	99
42	45
42	50
42	53
42	56
42	58
42	61
42	62
42	64
42	65
42	66
42	67
42	69
42	70
42	73
42	76
42	85
42	86
42	87
42	88
42	92
42	95
42	97
42	98
43	44
43	50
43	51
43	53
43	56
43	59
43	60
43	63
43	64
43	65
43	66
43	70
43	71
43	74
43	76
43	77
43	79
43	80
43	83
43	85
43	86
43	88
43	92
43	97
43	99
44	47
44	48
44	51
44	53
44	54
44	55
44	56
44	58
44	63
44	65
44	68
44	69
44	70
44	71
44	72
44	73
44	74
44	76
44	79
44	80
44	82
44	87
44	88
44	92
44	94
44	99
45	47
45	52
45	54
45	56
45	58
45	59
45	64
45	65
45	68
45	71
45	73
45	74
45	76
45	77
45	83
45	85
45	86
45	87
45	89
45	91
45	92
45	93
45	94
45	95
45	97
45	98
45	99
46	48
46	53
46	54
46	55
46	56
46	57
46	58
46	61
46	67
46	73
46	76
46	77
46	81
46	83
46	84
46	86
46	90
46	91
46	92
46	95
46	96
47	48
47	49
47	50
47	51
47	53
47	55
47	57
47	58
47	59
47	62
47	68
47	71
47	73
47	79
47	80
47	82
47	84
47	85
47	86
47	87
47	88
47	90
47	91
47	92
47	94
47	95
47	98
48	51
48	52
48	55
48	56
48	58
48	61
48	62
48	64
48	66
48	68
48	69
48	70
48	71
48	73
48	75
48	76
48	80
48	84
48	87
48	88
49	52
49	53
49	57
49	58
49	59
49	61
49	63
49	65
49	73
49	74
49	77
49	78
49	80
49	81
49	87
49	88
49	89
49	92
49	95
49	97
49	98
50	52
50	57
50	58
50	59
50	62
50	63
50	66
50	71
50	73
50	74
50	76
50	77
50	81
50	82
50	83
50	85
50	86
50	88
50	89
50	94
50	96
50	97
50	99
51	54
51	56
51	57
51	59
51	62
51	63
51	64
51	66
51	67
51	68
51	70
51	71
51	73
51	74
51	75
51	77
51	78
51	82
51	83
51	84
51	85
51	86
51	88
51	89
51	90
51	94
51	96
51	99
52	53
52	55
52	56
52	58
52	65
52	69
52	70
52	74
52	75
52	76
52	80
52	81
52	83
52	84
52	88
52	89
52	91
52	92
52	93
52	94
52	95
53	54
53	55
53	56
53	60
53	62
53	65
53	68
53	70
53	72
53	73
53	77
53	89
53	91
53	94
53	95
54	56
54	57
54	58
54	59
54	60
54	61
54	63
54	66
54	67
54	70
54	72
54	74
54	76
54	77
54	78
54	80
54	81
54	82
54	84
54	85
54	87
54	88
54	92
54	93
54	94
54	95
54	96
54	98
55	56
55	57
55	60
55	61
55	62
55	69
55	70
55	72
55	73
55	77
55	80
55	82
55	84
55	86
55	87
55	88
55	90
55	91
55	96
55	99
56	57
56	60
56	62
56	64
56	65
56	67
56	74
56	75
56	78
56	79
56	80
56	83
56	84
56	85
56	87
56	90
56	91
56	92
56	98
57	58
57	59
57	60
57	62
57	65
57	66
57	71
57	78
57	79
57	83
57	84
57	87
57	90
57	92
57	93
57	95
57	96
57	97
57	98
58	59
58	60
58	62
58	63
58	71
58	73
58	74
58	75
58	76
58	77
58	78
58	80
58	81
58	83
58	84
58	85
58	87
58	90
58	92
58	93
58	94
58	95
58	99
59	61
59	68
59	70
59	75
59	92
59	93
59	94
60	61
60	62
60	63
60	65
60	66
60	67
60	68
60	69
60	72
60	74
60	76
60	82
60	84
60	86
60	89
60	93
60	96
60	97
60	98
60	99
61	62
61	63
61	66
61	69
61	70
61	71
61	78
61	79
61	82
61	85
61	87
61	92
61	94
61	97
61	98
62	63
62	64
62	65
62	66
62	67
62	68
62	70
62	73
62	74
62	76
62	78
62	81
62	83
62	84
62	85
62	87
62	91
62	93
62	94
62	96
62	97
63	64
63	65
63	66
63	69
63	70
63	71
63	72
63	74
63	75
63	77
63	78
63	79
63	81
63	82
63	84
63	85
63	86
63	87
63	90
63	92
63	94
63	95
63	97
63	99
64	68
64	69
64	77
64	79
64	80
64	86
64	88
64	94
64	96
65	69
65	70
65	72
65	73
65	75
65	76
65	80
65	81
65	88
65	89
65	91
65	92
65	93
65	95
65	96
66	69
66	70
66	71
66	74
66	78
66	79
66	82
66	85
66	86
66	87
66	90
66	91
66	92
66	94
66	96
66	97
66	99
67	69
67	70
67	74
67	75
67	76
67	78
67	79
67	87
67	96
67	97
67	98
68	71
68	76
68	77
68	78
68	83
68	89
68	93
68	94
68	95
68	96
68	99
69	71
69	72
69	74
69	80
69	82
69	83
69	84
69	88
69	95
69	96
69	99
70	71
70	72
70	74
70	75
70	77
70	78
70	79
70	82
70	83
70	84
70	85
70	86
70	87
70	88
70	89
70	90
70	91
70	92
70	93
70	95
70	96
70	98
71	74
71	75
71	76
71	77
71	78
71	80
71	82
71	84
71	85
71	87
71	90
71	91
71	92
71	96
71	97
71	98
71	99
72	74
72	75
72	76
72	78
72	80
72	81
72	85
72	86
72	88
72	89
72	90
72	93
72	94
72	97
72	98
72	99
73	74
73	76
73	77
73	80
73	81
73	85
73	86
73	89
73	90
73	91
73	92
73	94
73	95
73	96
73	98
74	79
74	81
74	86
74	87
74	88
74	90
74	93
74	94
74	99
75	76
75	77
75	82
75	84
75	85
75	88
75	91
75	97
75	98
76	77
76	78
76	80
76	81
76	82
76	83
76	84
76	85
76	86
76	90
76	91
76	92
76	93
76	95
76	96
76	97
77	80
77	81
77	82
77	85
77	87
77	91
77	92
77	96
77	97
78	80
78	85
78	87
78	88
78	98
79	80
79	82
79	85
79	90
79	91
79	92
79	98
79	99
80	81
80	83
80	88
80	89
80	90
80	92
80	93
80	94
80	95
80	97
80	98
81	82
81	86
81	88
81	93
81	94
81	96
81	98
81	99
82	83
82	84
82	85
82	89
82	90
82	92
82	95
82	97
82	98
83	84
83	90
83	91
83	92
83	93
83	96
83	98
84	85
84	87
84	90
84	93
84	94
84	96
84	98
85	86
85	88
85	89
85	91
85	92
85	95
85	99
86	89
86	93
86	96
86	98
86	99
87	88
87	90
87	91
87	92
87	96
87	97
87	98
88	90
88	91
88	93
88	95
88	96
88	97
88	98
88	99
89	90
89	93
89	96
89	98
89	99
90	94
90	97
91	95
91	96
91	97
91	98
92	93
92	94
92	96
92	97
92	99
93	95
93	97
94	98
95	96
95	97
95	98
95	99
96	97
96	98
97	98
97	99
