0	1
0	2
0	3
0	7
0	11
0	15
0	17
0	23
0	25
0	28
0	29
0	31
0	32
0	39
0	40
0	45
0	47
0	52
0	53
0	56
0	58
0	59
0	63
0	67
0	78
0	82
0	84
0	85
0	87
0	91
0	92
0	95
0	96
0	97
1	4
1	9
1	11
1	15
1	18
1	22
1	23
1	24
1	25
1	27
1	33
1	39
1	40
1	42
1	44
1	47
1	56
1	58
1	64
1	66
1	71
1	72
1	75
1	76
1	77
1	79
1	81
1	85
1	90
1	92
1	93
1	95
1	96
1	97
2	10
2	15
2	16
2	17
2	19
2	20
2	27
2	28
2	30
2	33
2	34
2	37
2	39
2	42
2	44
2	45
2	50
2	54
2	55
2	56
2	61
2	63
2	65
2	66
2	72
2	75
2	76
2	82
2	83
2	84
2	88
2	91
2	92
2	95
2	96
2	97
3	4
3	6
3	12
3	15
3	19
3	21
3	26
3	30
3	35
3	36
3	38
3	41
3	43
3	45
3	46
3	48
3	50
3	51
3	53
3	56
3	57
3	58
3	63
3	66
3	67
3	69
3	74
3	76
3	77
3	82
3	83
3	85
3	87
3	88
3	89
3	92
3	95
4	6
4	11
4	13
4	16
4	17
4	21
4	24
4	26
4	28
4	29
4	31
4	39
4	44
4	45
4	47
4	50
4	59
4	61
4	64
4	66
4	68
4	73
4	77
4	80
4	81
4	84
4	86
4	88
4	91
4	92
4	94
4	97
5	7
5	12
5	14
5	16
5	17
5	21
5	24
5	26
5	33
5	35
5	39
5	41
5	43
5	44
5	45
5	47
5	52
5	55
5	58
5	59
5	62
5	64
5	69
5	74
5	76
5	79
5	80
5	82
5	83
5	84
5	85
5	86
5	87
5	90
5	94
5	95
5	96
6	11
6	15
6	16
6	17
6	18
6	22
6	27
6	28
6	29
6	31
6	33
6	36
6	39
6	41
6	42
6	43
6	45
6	49
6	51
6	58
6	59
6	61
6	63
6	66
6	73
6	74
6	75
6	77
6	78
6	81
6	83
6	86
6	90
6	91
6	92
6	93
6	94
6	97
6	98
7	8
7	16
7	19
7	26
7	31
7	32
7	35
7	43
7	44
7	45
7	49
7	51
7	52
7	54
7	56
7	57
7	59
7	60
7	63
7	68
7	71
7	74
7	77
7	79
7	82
7	84
7	85
7	86
7	87
7	88
7	89
7	90
7	94
7	95
8	12
8	14
8	16
8	18
8	19
8	20
8	23
8	24
8	27
8	35
8	37
8	39
8	41
8	44
8	49
8	50
8	51
8	56
8	58
8	59
8	60
8	64
8	71
8	72
8	73
8	75
8	76
8	80
8	83
8	84
8	86
8	87
8	90
8	91
8	92
8	95
9	16
9	19
9	21
9	25
9	28
9	31
9	33
9	34
9	35
9	36
9	38
9	39
9	41
9	47
9	49
9	50
9	51
9	52
9	53
9	55
9	56
9	57
9	61
9	65
9	68
9	70
9	71
9	73
9	75
9	82
9	84
9	87
9	88
9	96
9	98
10	12
10	15
10	18
10	19
10	20
10	24
10	25
10	26
10	27
10	32
10	35
10	36
10	40
10	42
10	45
10	48
10	56
10	57
10	58
10	59
10	61
10	63
10	65
10	66
10	68
10	71
10	78
10	83
10	84
10	90
10	91
10	92
10	96
10	97
10	99
11	14
11	21
11	24
11	26
11	27
11	32
11	33
11	36
11	39
11	44
11	45
11	46
11	47
11	50
11	54
11	56
11	59
11	61
11	62
11	63
11	68
11	70
11	72
11	74
11	75
11	76
11	82
11	83
11	85
11	87
11	90
11	93
11	95
11	97
12	18
12	29
12	30
12	31
12	34
12	35
12	37
12	40
12	41
12	43
12	44
12	46
12	49
12	53
12	54
12	57
12	60
12	62
12	64
12	66
12	67
12	69
12	72
12	74
12	77
12	78
12	80
12	82
12	83
12	86
12	90
12	92
12	97
13	21
13	24
13	25
13	27
13	30
13	33
13	37
13	38
13	39
13	40
13	42
13	44
13	48
13	49
13	50
13	51
13	53
13	55
13	61
13	68
13	71
13	73
13	76
13	80
13	84
13	87
13	88
13	89
13	98
13	99
14	17
14	18
14	23
14	27
14	30
14	32
14	36
14	37
14	38
14	41
14	46
14	50
14	51
14	52
14	53
14	55
14	58
14	60
14	61
14	70
14	71
14	73
14	83
14	84
14	88
14	89
14	92
14	94
14	99
15	16
15	19
15	22
15	26
15	28
15	29
15	32
15	33
15	36
15	39
15	41
15	42
15	46
15	48
15	51
15	52
15	54
15	58
15	59
15	63
15	65
15	66
15	67
15	70
15	71
15	72
15	74
15	75
15	81
15	82
15	89
15	95
16	18
16	21
16	22
16	25
16	27
16	30
16	34
16	35
16	38
16	40
16	42
16	43
16	46
16	53
16	55
16	57
16	58
16	61
16	63
16	65
16	68
16	71
16	73
16	75
16	78
16	80
16	82
16	83
16	89
16	97
16	98
16	99
17	19
17	21
17	22
17	25
17	29
17	30
17	35
17	37
17	38
17	44
17	45
17	46
17	47
17	48
17	53
17	58
17	61
17	63
17	64
17	67
17	69
17	72
17	73
17	76
17	77
17	80
17	81
17	85
17	92
17	93
17	94
17	96
18	20
18	21
18	22
18	23
18	26
18	29
18	30
18	34
18	35
18	36
18	37
18	39
18	40
18	43
18	45
18	52
18	55
18	57
18	59
18	61
18	62
18	64
18	66
18	67
18	69
18	70
18	72
18	75
18	78
18	79
18	81
18	84
18	87
18	88
18	89
18	94
18	96
18	97
19	21
19	23
19	24
19	25
19	29
19	33
19	36
19	37
19	40
19	41
19	43
19	44
19	46
19	47
19	50
19	54
19	65
19	67
19	68
19	74
19	79
19	82
19	84
19	85
19	86
19	89
19	90
19	92
19	93
19	94
19	97
19	98
19	99
20	21
20	22
20	26
20	28
20	29
20	31
20	32
20	33
20	34
20	42
20	46
20	48
20	52
20	57
20	61
20	63
20	64
20	65
20	70
20	74
20	76
20	78
20	80
20	86
20	88
20	89
20	90
20	92
20	93
20	96
20	98
21	22
21	28
21	33
21	35
21	36
21	37
21	38
21	40
21	41
21	43
21	47
21	54
21	55
21	57
21	58
21	62
21	64
21	65
21	72
21	74
21	75
21	76
21	77
21	78
21	79
21	81
21	87
21	96
21	97
21	99
22	24
22	26
22	28
22	29
22	30
22	31
22	32
22	33
22	34
22	35
22	37
22	41
22	42
22	43
22	54
22	55
22	63
22	68
22	69
22	70
22	76
22	78
22	80
22	86
22	87
22	88
22	90
22	94
22	96
23	25
23	26
23	27
23	29
23	32
23	33
23	36
23	37
23	38
23	44
23	49
23	50
23	53
23	55
23	56
23	57
23	58
23	60
23	61
23	65
23	66
23	67
23	75
23	84
23	85
23	87
23	93
23	95
23	97
23	98
23	99
24	26
24	27
24	29
24	30
24	32
24	34
24	38
24	41
24	42
24	45
24	47
24	49
24	50
24	52
24	54
24	56
24	57
24	58
24	60
24	63
24	72
24	74
24	76
24	77
24	78
24	79
24	81
24	84
24	86
24	93
24	99
25	26
25	27
25	35
25	36
25	37
25	38
25	43
25	44
25	45
25	46
25	53
25	55
25	62
25	63
25	64
25	65
25	66
25	68
25	69
25	73
25	77
25	79
25	86
25	87
25	88
25	89
25	92
25	95
25	97
25	98
26	29
26	32
26	33
26	38
26	40
26	44
26	45
26	50
26	55
26	60
26	62
26	64
26	65
26	68
26	70
26	72
26	75
26	76
26	79
26	83
26	88
26	89
26	95
26	99
27	30
27	33
27	34
27	35
27	36
27	40
27	42
27	43
27	45
27	50
27	54
27	56
27	57
27	59
27	61
27	63
27	65
27	66
27	70
27	77
27	80
27	81
27	82
27	86
27	87
27	91
27	93
27	95
27	96
27	97
28	29
28	31
28	32
28	36
28	39
28	42
28	44
28	45
28	46
28	47
28	49
28	54
28	56
28	57
28	58
28	62
28	65
28	66
28	70
28	71
28	73
28	74
28	77
28	80
28	81
28	83
28	84
28	85
28	87
28	88
28	89
28	93
28	95
28	97
29	32
29	34
29	38
29	39
29	40
29	42
29	53
29	58
29	67
29	68
29	70
29	71
29	77
29	79
29	80
29	81
29	88
29	91
29	92
29	96
29	99
30	36
30	37
30	39
30	43
30	44
30	46
30	47
30	50
30	51
30	54
30	57
30	60
30	61
30	64
30	67
30	73
30	77
30	78
30	83
30	87
30	91
30	95
30	97
30	98
31	37
31	40
31	43
31	44
31	46
31	47
31	49
31	52
31	53
31	55
31	56
31	60
31	61
31	63
31	71
31	73
31	77
31	78
31	81
31	82
31	85
31	87
31	88
31	90
31	93
31	94
31	97
32	35
32	37
32	41
32	44
32	48
32	49
32	50
32	51
32	53
32	55
32	56
32	57
32	60
32	63
32	69
32	73
32	74
32	82
32	83
32	84
32	85
32	86
32	87
32	88
32	91
32	92
32	95
32	96
33	35
33	40
33	41
33	43
33	44
33	45
33	48
33	55
33	57
33	58
33	60
33	62
33	63
33	66
33	69
33	70
33	71
33	78
33	82
33	83
33	86
33	89
33	95
33	97
34	35
34	38
34	39
34	41
34	42
34	43
34	48
34	49
34	50
34	51
34	54
34	55
34	58
34	60
34	61
34	68
34	69
34	71
34	73
34	74
34	77
34	83
34	85
34	86
34	89
34	92
34	96
34	97
34	98
35	36
35	40
35	41
35	42
35	44
35	45
35	48
35	61
35	65
35	67
35	75
35	76
35	77
35	79
35	80
35	82
35	83
35	84
35	87
35	93
35	96
35	99
36	37
36	45
36	46
36	49
36	51
36	53
36	56
36	58
36	59
36	61
36	63
36	70
36	72
36	73
36	75
36	77
36	78
36	80
36	84
36	93
36	97
37	38
37	41
37	49
37	50
37	51
37	54
37	55
37	56
37	58
37	61
37	62
37	63
37	64
37	65
37	68
37	71
37	74
37	77
37	78
37	79
37	81
37	84
37	87
37	90
37	91
37	92
37	94
37	95
37	96
38	40
38	41
38	43
38	45
38	51
38	52
38	54
38	56
38	58
38	60
38	64
38	65
38	67
38	68
38	69
38	70
38	71
38	74
38	75
38	80
38	81
38	82
38	83
38	84
38	89
38	90
38	93
38	96
38	98
38	99
39	40
39	44
39	45
39	47
39	51
39	52
39	54
39	57
39	58
39	60
39	69
39	78
39	79
39	80
39	81
39	82
39	83
39	85
39	89
39	91
39	92
39	95
39	97
40	41
40	42
40	44
40	48
40	52
40	56
40	57
40	58
40	60
40	62
40	63
40	65
40	66
40	67
40	68
40	71
40	74
40	76
40	79
40	81
40	83
40	85
40	86
40	88
40	90
40	91
40	96
40	99
41	42
41	47
41	48
41	52
41	55
41	56
41	58
41	64
41	68
41	70
41	74
41	77
41	88
41	90
41	96
41	98
42	45
42	47
42	48
42	49
42	50
42	51
42	53
42	58
42	62
42	65
42	70
42	75
42	83
42	85
42	88
42	90
42	98
42	99
43	46
43	47
43	48
43	50
43	51
43	59
43	60
43	61
43	62
43	65
43	67
43	68
43	73
43	75
43	76
43	77
43	88
43	91
43	92
43	93
43	94
43	96
43	98
44	46
44	51
44	53
44	56
44	57
44	60
44	62
44	64
44	65
44	66
44	69
44	73
44	75
44	83
44	85
44	94
45	46
45	47
45	49
45	54
45	56
45	58
45	60
45	65
45	67
45	71
45	73
45	75
45	80
45	84
45	91
45	94
45	98
45	99
46	48
46	53
46	66
46	69
46	72
46	74
46	77
46	82
46	83
46	84
46	87
46	89
46	90
46	92
46	93
47	48
47	51
47	55
47	58
47	59
47	63
47	65
47	72
47	73
47	74
47	76
47	78
47	79
47	80
47	82
47	84
47	85
47	86
47	91
47	95
47	96
47	98
47	99
48	51
48	53
48	55
48	63
48	66
48	69
48	71
48	79
48	81
48	84
48	85
48	86
48	92
48	95
48	96
48	99
49	51
49	53
49	62
49	65
49	66
49	69
49	70
49	73
49	76
49	82
49	83
49	84
49	89
49	92
49	93
49	95
49	98
49	99
50	55
50	56
50	59
50	60
50	61
50	63
50	64
50	65
50	67
50	68
50	71
50	73
50	75
50	79
50	86
50	88
50	93
50	95
50	96
50	98
50	99
51	57
51	58
51	59
51	65
51	68
51	70
51	74
51	75
51	78
51	79
51	81
51	85
51	90
51	92
52	56
52	62
52	64
52	69
52	72
52	73
52	74
52	82
52	84
52	85
52	87
52	88
52	90
52	93
52	95
52	96
52	97
52	99
53	54
53	57
53	61
53	65
53	66
53	68
53	77
53	82
53	84
53	87
53	91
53	92
53	93
53	94
53	98
53	99
54	56
54	57
54	58
54	59
54	60
54	61
54	65
54	66
54	69
54	70
54	77
54	80
54	82
54	83
54	85
54	86
54	87
54	88
54	92
54	93
54	96
55	56
55	57
55	59
55	60
55	61
55	64
55	66
55	68
55	74
55	79
55	80
55	86
55	87
55	88
55	90
56	57
56	61
56	62
56	72
56	74
56	77
56	78
56	79
56	80
56	81
56	83
56	86
56	87
56	91
56	92
56	93
56	94
56	95
56	99
57	58
57	60
57	63
57	64
57	66
57	68
57	69
57	71
57	74
57	75
57	79
57	83
57	85
57	87
57	89
57	93
57	95
57	97
58	60
58	61
58	65
58	66
58	71
58	76
58	81
58	85
58	86
58	89
58	95
58	97
59	60
59	62
59	65
59	66
59	69
59	72
59	73
59	76
59	77
59	80
59	84
59	87
59	92
59	95
59	96
59	97
59	99
60	62
60	70
60	71
60	72
60	83
60	85
60	88
60	92
60	94
61	62
61	70
61	73
61	74
61	75
61	77
61	79
61	81
61	83
61	93
61	96
61	97
61	98
62	68
62	71
62	73
62	74
62	76
62	77
62	79
62	80
62	81
62	88
62	90
62	92
62	94
62	96
62	97
62	98
62	99
63	64
63	65
63	67
63	69
63	70
63	73
63	76
63	77
63	79
63	81
63	84
63	87
63	91
63	94
63	96
64	65
64	77
64	80
64	85
64	94
64	98
65	67
65	68
65	69
65	71
65	79
65	85
65	86
65	87
65	88
65	89
65	90
65	92
66	67
66	69
66	70
66	71
66	76
66	80
66	82
66	85
66	88
66	95
66	98
67	71
67	74
67	76
67	78
67	79
67	90
67	92
67	97
67	99
68	70
68	81
68	87
68	94
68	95
69	78
69	80
69	85
69	88
69	89
69	90
69	91
69	93
69	94
69	95
70	71
70	72
70	73
70	76
70	77
70	79
70	80
70	82
70	85
70	86
70	90
70	91
70	95
70	98
70	99
71	77
71	80
71	82
71	84
71	88
71	89
71	92
71	97
71	99
72	76
72	82
72	85
72	86
72	88
72	91
72	94
72	97
73	74
73	75
73	78
73	82
73	85
73	88
73	93
73	94
73	95
73	96
74	75
74	76
74	78
74	80
74	81
74	86
74	90
74	91
74	92
74	93
74	95
74	98
75	79
75	80
75	81
75	85
75	92
75	96
75	97
75	99
76	78
76	79
76	82
76	84
76	87
76	90
76	94
76	96
77	81
77	82
77	86
77	87
77	90
77	91
77	95
77	97
77	99
78	82
78	84
78	85
78	91
78	92
78	95
78	99
79	80
79	81
79	85
79	86
79	90
79	92
79	94
79	95
79	96
79	98
80	81
80	82
80	83
80	84
80	85
80	94
80	95
80	96
80	97
80	98
81	82
81	83
81	84
81	88
81	89
81	96
81	97
81	98
82	85
82	88
82	90
82	94
82	98
83	84
83	86
83	91
83	94
83	99
84	85
84	89
84	95
84	99
85	90
85	93
85	99
86	87
86	93
86	96
86	97
86	98
86	99
87	88
87	90
87	91
87	94
87	95
87	98
87	99
88	89
88	91
88	93
88	95
88	96
88	98
88	99
89	90
89	91
89	92
89	93
90	91
90	92
90	95
91	92
91	93
91	94
91	95
91	98
91	99
93	99
94	96
94	98
94	99
95	99
96	97
96	99
98	99
