0	1
0	2
0	5
0	7
0	10
0	13
0	17
0	22
0	24
0	25
0	37
0	38
0	39
0	40
0	41
0	46
0	49
0	53
0	54
0	56
0	57
0	58
0	59
0	60
0	61
0	64
0	65
0	66
0	72
0	80
0	88
0	91
0	92
0	93
0	95
0	96
0	97
1	3
1	4
1	5
1	6
1	13
1	21
1	26
1	28
1	33
1	34
1	35
1	37
1	40
1	45
1	46
1	48
1	49
1	51
1	56
1	57
1	62
1	71
1	77
1	79
1	80
1	83
1	85
1	89
1	90
1	91
1	95
1	97
2	3
2	5
2	14
2	16
2	18
2	23
2	26
2	28
2	30
2	37
2	38
2	41
2	43
2	45
2	49
2	52
2	56
2	58
2	60
2	66
2	67
2	74
2	77
2	85
2	89
2	90
2	93
2	94
2	96
3	9
3	12
3	15
3	19
3	21
3	22
3	24
3	26
3	30
3	31
3	32
3	33
3	34
3	36
3	39
3	44
3	45
3	51
3	52
3	54
3	58
3	60
3	61
3	64
3	65
3	69
3	73
3	81
3	85
3	86
3	88
3	89
3	91
3	92
3	93
3	94
3	95
4	5
4	7
4	11
4	15
4	18
4	25
4	27
4	28
4	32
4	33
4	38
4	40
4	43
4	44
4	50
4	55
4	56
4	58
4	59
4	60
4	62
4	64
4	65
4	66
4	76
4	79
4	83
4	86
4	87
4	90
4	96
4	99
5	7
5	8
5	18
5	23
5	24
5	33
5	34
5	35
5	36
5	38
5	43
5	45
5	47
5	48
5	52
5	56
5	57
5	62
5	63
5	66
5	69
5	71
5	72
5	77
5	80
5	82
5	91
5	92
5	93
5	94
5	95
5	99
6	11
6	12
6	15
6	17
6	20
6	22
6	23
6	31
6	33
6	35
6	38
6	39
6	40
6	41
6	43
6	45
6	48
6	50
6	55
6	58
6	63
6	67
6	68
6	69
6	70
6	73
6	74
6	77
6	78
6	79
6	80
6	81
6	82
6	84
6	85
6	94
6	95
6	97
6	99
7	11
7	13
7	18
7	22
7	23
7	25
7	27
7	28
7	29
7	31
7	35
7	38
7	40
7	43
7	53
7	58
7	60
7	61
7	62
7	65
7	69
7	78
7	80
7	82
7	88
7	92
7	95
7	98
8	9
8	10
8	12
8	13
8	14
8	16
8	20
8	22
8	28
8	29
8	30
8	31
8	33
8	35
8	38
8	39
8	40
8	46
8	51
8	53
8	54
8	57
8	63
8	67
8	68
8	69
8	74
8	78
8	83
8	84
8	86
8	90
8	93
8	94
8	97
8	98
8	99
9	11
9	14
9	16
9	17
9	18
9	21
9	24
9	27
9	29
9	31
9	34
9	38
9	39
9	43
9	51
9	52
9	53
9	54
9	56
9	57
9	61
9	62
9	64
9	67
9	70
9	71
9	74
9	79
9	80
9	83
9	84
9	85
9	86
9	96
9	97
9	99
10	11
10	14
10	15
10	18
10	19
10	20
10	22
10	29
10	32
10	34
10	36
10	40
10	45
10	46
10	50
10	51
10	52
10	53
10	55
10	56
10	59
10	60
10	61
10	62
10	63
10	64
10	69
10	70
10	76
10	78
10	79
10	81
10	82
10	85
10	91
10	98
10	99
11	13
11	15
11	16
11	21
11	22
11	24
11	28
11	36
11	37
11	38
11	39
11	42
11	44
11	45
11	46
11	48
11	54
11	62
11	63
11	66
11	69
11	74
11	75
11	80
11	83
11	84
11	85
11	89
11	90
11	92
11	95
11	97
12	16
12	18
12	21
12	22
12	24
12	25
12	32
12	39
12	40
12	41
12	42
12	43
12	47
12	49
12	51
12	55
12	56
12	57
12	58
12	61
12	62
12	63
12	64
12	69
12	72
12	76
12	81
12	83
12	84
12	85
12	86
12	87
12	91
12	96
13	14
13	15
13	16
13	17
13	19
13	28
13	31
13	34
13	39
13	43
13	44
13	46
13	50
13	57
13	58
13	63
13	67
13	72
13	73
13	74
13	80
13	82
13	83
13	84
13	87
13	89
13	92
13	99
14	15
14	16
14	20
14	21
14	22
14	28
14	30
14	32
14	34
14	36
14	37
14	38
14	47
14	50
14	55
14	64
14	65
14	70
14	76
14	82
14	87
14	88
14	92
14	93
14	94
14	95
14	96
15	18
15	23
15	25
15	26
15	27
15	28
15	32
15	37
15	38
15	39
15	52
15	53
15	54
15	61
15	62
15	65
15	66
15	67
15	68
15	74
15	79
15	83
15	85
15	86
15	92
15	93
15	94
15	95
16	17
16	19
16	20
16	24
16	30
16	33
16	36
16	39
16	40
16	42
16	44
16	55
16	57
16	59
16	62
16	63
16	64
16	69
16	77
16	86
16	87
16	90
16	92
16	93
16	96
16	97
16	98
16	99
17	20
17	21
17	26
17	27
17	29
17	31
17	33
17	34
17	37
17	41
17	44
17	48
17	51
17	52
17	53
17	54
17	55
17	56
17	60
17	63
17	67
17	68
17	70
17	75
17	76
17	77
17	79
17	82
17	84
17	85
17	88
17	92
17	93
17	96
17	98
18	19
18	20
18	24
18	25
18	28
18	29
18	31
18	32
18	33
18	36
18	38
18	45
18	48
18	52
18	56
18	58
18	60
18	63
18	64
18	66
18	68
18	71
18	75
18	76
18	79
18	84
18	91
18	94
18	96
18	98
19	21
19	23
19	24
19	25
19	29
19	32
19	35
19	36
19	38
19	43
19	44
19	48
19	49
19	54
19	55
19	56
19	58
19	59
19	62
19	64
19	71
19	76
19	77
19	82
19	84
19	86
19	88
19	91
19	94
19	96
19	99
20	22
20	24
20	27
20	31
20	32
20	33
20	37
20	38
20	39
20	40
20	44
20	45
20	47
20	51
20	53
20	56
20	59
20	62
20	63
20	65
20	67
20	69
20	76
20	77
20	78
20	82
20	89
20	91
20	94
20	95
20	96
21	23
21	27
21	31
21	34
21	35
21	36
21	37
21	38
21	41
21	42
21	43
21	44
21	45
21	48
21	50
21	53
21	55
21	57
21	62
21	69
21	71
21	74
21	75
21	77
21	79
21	84
21	86
21	87
21	92
21	97
21	99
22	23
22	26
22	31
22	32
22	33
22	35
22	38
22	40
22	42
22	51
22	53
22	55
22	57
22	60
22	61
22	64
22	65
22	67
22	76
22	79
22	80
22	81
22	83
22	87
22	90
22	91
22	92
22	99
23	26
23	31
23	35
23	42
23	46
23	48
23	50
23	54
23	55
23	58
23	59
23	60
23	64
23	65
23	71
23	72
23	73
23	74
23	75
23	77
23	80
23	84
23	90
23	92
23	94
23	95
23	97
24	29
24	34
24	35
24	36
24	43
24	47
24	57
24	58
24	59
24	60
24	62
24	63
24	64
24	65
24	66
24	70
24	71
24	72
24	75
24	82
24	83
24	85
24	87
24	96
24	97
25	28
25	30
25	34
25	38
25	40
25	42
25	44
25	49
25	51
25	53
25	56
25	57
25	59
25	62
25	64
25	65
25	66
25	71
25	72
25	75
25	81
25	89
25	93
25	94
25	97
25	99
26	31
26	33
26	35
26	36
26	39
26	41
26	42
26	44
26	45
26	47
26	49
26	56
26	57
26	58
26	71
26	72
26	76
26	77
26	80
26	81
26	82
26	86
26	91
26	94
26	95
26	96
27	30
27	31
27	34
27	37
27	39
27	40
27	42
27	43
27	49
27	50
27	51
27	53
27	55
27	56
27	57
27	58
27	61
27	66
27	68
27	70
27	71
27	73
27	77
27	79
27	80
27	82
27	88
27	90
27	91
27	92
27	96
28	30
28	31
28	35
28	36
28	37
28	38
28	42
28	44
28	48
28	49
28	54
28	55
28	58
28	59
28	64
28	70
28	71
28	75
28	76
28	79
28	81
28	83
28	84
28	85
28	88
28	90
28	92
28	97
28	98
28	99
29	30
29	33
29	37
29	38
29	41
29	44
29	45
29	46
29	47
29	50
29	51
29	54
29	57
29	58
29	61
29	62
29	67
29	75
29	76
29	77
29	79
29	80
29	81
29	82
29	83
29	85
29	90
29	92
29	94
30	35
30	37
30	44
30	46
30	47
30	49
30	50
30	52
30	53
30	54
30	55
30	58
30	62
30	63
30	66
30	68
30	73
30	76
30	78
30	80
30	84
30	86
30	90
30	95
30	97
31	32
31	33
31	36
31	37
31	40
31	41
31	42
31	45
31	50
31	52
31	53
31	54
31	60
31	63
31	66
31	67
31	69
31	73
31	74
31	77
31	78
31	79
31	81
31	83
31	86
32	34
32	35
32	37
32	38
32	40
32	44
32	45
32	47
32	50
32	52
32	54
32	62
32	63
32	66
32	67
32	69
32	71
32	72
32	73
32	74
32	75
32	76
32	80
32	83
32	85
32	87
32	88
32	89
32	91
32	94
33	41
33	44
33	45
33	51
33	53
33	56
33	57
33	60
33	62
33	66
33	67
33	68
33	74
33	78
33	81
33	83
33	85
33	86
33	87
33	89
33	90
33	92
33	94
33	98
33	99
34	35
34	36
34	41
34	42
34	44
34	49
34	54
34	55
34	56
34	57
34	67
34	70
34	72
34	73
34	78
34	79
34	81
34	82
34	89
34	90
34	91
34	95
34	98
34	99
35	36
35	37
35	45
35	46
35	48
35	51
35	54
35	55
35	56
35	57
35	59
35	62
35	65
35	69
35	70
35	71
35	72
35	73
35	89
35	90
35	91
36	39
36	40
36	42
36	45
36	50
36	51
36	54
36	56
36	57
36	61
36	63
36	71
36	73
36	74
36	77
36	78
36	79
36	80
36	81
36	82
36	88
36	90
36	93
36	94
36	95
36	97
37	40
37	43
37	46
37	48
37	49
37	52
37	56
37	57
37	61
37	72
37	73
37	76
37	77
37	83
37	84
37	86
37	87
37	89
37	90
37	93
37	96
38	39
38	42
38	44
38	45
38	46
38	51
38	54
38	57
38	58
38	62
38	63
38	64
38	67
38	68
38	69
38	72
38	73
38	74
38	75
38	78
38	82
38	85
38	86
38	87
38	88
38	89
38	94
38	95
38	98
38	99
39	42
39	43
39	49
39	50
39	52
39	55
39	56
39	60
39	62
39	63
39	65
39	72
39	80
39	82
39	86
39	87
39	88
39	90
39	91
39	92
39	93
39	96
39	97
39	99
40	42
40	46
40	49
40	50
40	53
40	54
40	56
40	57
40	60
40	62
40	63
40	64
40	73
40	74
40	76
40	86
40	87
40	89
40	92
40	98
41	46
41	47
41	48
41	50
41	51
41	58
41	60
41	62
41	68
41	70
41	73
41	74
41	75
41	76
41	79
41	83
41	86
41	87
41	96
41	97
41	98
41	99
42	45
42	52
42	53
42	55
42	66
42	68
42	69
42	70
42	71
42	73
42	77
42	78
42	79
42	80
42	88
42	90
42	93
42	95
42	97
42	99
43	44
43	45
43	46
43	49
43	50
43	51
43	54
43	55
43	56
43	57
43	61
43	65
43	66
43	69
43	70
43	75
43	77
43	82
43	83
43	85
43	87
43	88
43	89
43	90
43	92
43	93
43	94
44	46
44	48
44	50
44	53
44	55
44	57
44	69
44	71
44	72
44	74
44	78
44	88
44	90
44	91
44	92
44	94
44	95
44	96
44	98
45	47
45	48
45	49
45	52
45	53
45	57
45	58
45	60
45	61
45	62
45	63
45	65
45	66
45	71
45	73
45	74
45	76
45	80
45	92
45	95
45	97
45	98
46	47
46	49
46	51
46	56
46	59
46	61
46	66
46	67
46	72
46	74
46	77
46	78
46	81
46	83
46	88
46	89
46	90
46	95
46	98
47	48
47	50
47	51
47	52
47	53
47	57
47	59
47	63
47	69
47	71
47	74
47	75
47	76
47	78
47	79
47	80
47	81
47	82
47	84
47	85
47	86
47	87
47	90
47	93
47	94
47	97
47	98
48	50
48	53
48	54
48	55
48	56
48	60
48	63
48	65
48	71
48	75
48	76
48	78
48	84
48	86
48	87
48	90
48	91
48	92
48	99
49	52
49	53
49	54
49	58
49	62
49	70
49	72
49	75
49	81
49	82
49	87
49	94
49	97
49	99
50	51
50	53
50	54
50	55
50	56
50	60
50	64
50	68
50	70
50	73
50	80
50	85
50	87
50	89
50	90
50	91
50	93
50	94
51	52
51	55
51	56
51	59
51	61
51	62
51	67
51	70
51	71
51	72
51	77
51	82
51	85
51	87
51	96
51	98
52	55
52	64
52	65
52	66
52	73
52	76
52	78
52	83
52	84
52	85
52	86
52	88
52	96
52	97
53	54
53	58
53	65
53	73
53	74
53	75
53	77
53	78
53	82
53	84
53	85
53	92
53	95
53	96
54	56
54	57
54	58
54	59
54	60
54	61
54	65
54	67
54	68
54	72
54	75
54	77
54	80
54	81
54	82
54	85
54	89
54	91
54	99
55	64
55	65
55	66
55	68
55	69
55	70
55	71
55	75
55	79
55	81
55	84
55	85
55	87
55	88
55	92
55	93
55	94
55	95
55	96
55	97
56	57
56	59
56	61
56	65
56	67
56	68
56	73
56	74
56	78
56	79
56	81
56	83
56	88
56	89
56	92
56	98
57	59
57	69
57	70
57	71
57	72
57	75
57	80
57	83
57	84
57	87
57	89
57	93
57	97
57	98
58	60
58	61
58	63
58	64
58	65
58	67
58	68
58	70
58	74
58	80
58	83
58	84
58	85
58	86
58	89
58	92
58	93
58	95
58	98
59	61
59	68
59	69
59	70
59	76
59	81
59	84
59	88
59	91
59	95
59	97
60	62
60	64
60	65
60	66
60	69
60	71
60	72
60	73
60	77
60	80
60	81
60	84
60	85
60	88
60	91
60	96
60	97
60	98
61	62
61	63
61	66
61	67
61	68
61	70
61	72
61	73
61	81
61	82
61	83
61	84
61	85
61	89
61	91
61	92
61	93
61	98
61	99
62	66
62	70
62	73
62	77
62	84
62	86
62	90
62	95
62	96
62	98
63	66
63	79
63	80
63	82
63	84
63	87
63	90
63	91
63	93
63	96
64	71
64	76
64	77
64	78
64	87
64	89
64	99
65	66
65	67
65	68
65	75
65	76
65	78
65	81
65	82
65	84
65	85
65	87
65	91
65	92
65	99
66	70
66	71
66	74
66	75
66	76
66	77
66	80
66	82
66	84
66	88
66	90
66	94
66	96
66	99
67	68
67	70
67	71
67	74
67	75
67	80
67	81
67	84
67	86
67	94
67	99
68	71
68	72
68	73
68	77
68	79
68	86
68	87
68	89
68	90
68	92
68	94
68	97
68	98
69	74
69	77
69	81
69	89
69	90
69	91
69	92
69	94
69	95
69	99
70	71
70	78
70	79
70	82
70	83
70	84
70	86
70	88
70	89
70	91
70	99
71	82
71	84
71	90
71	92
71	97
72	73
72	74
72	75
72	77
72	79
72	81
72	83
72	85
72	97
72	99
73	75
73	76
73	80
73	82
73	83
73	87
73	88
73	91
73	92
73	97
73	98
73	99
74	76
74	77
74	79
74	80
74	83
74	89
74	90
74	91
74	94
74	95
74	96
74	97
75	79
75	80
75	82
75	83
75	89
75	94
75	96
75	97
76	79
76	85
76	87
76	92
76	93
76	95
76	98
76	99
77	81
77	83
77	84
77	85
77	88
77	91
77	92
77	93
77	96
77	99
78	81
78	82
78	83
78	84
78	85
78	92
78	98
78	99
79	83
79	87
79	88
79	94
79	95
79	96
79	98
80	81
80	82
80	83
80	84
80	85
80	88
80	89
80	90
80	93
80	95
80	96
80	97
80	99
81	83
81	86
81	87
81	94
81	95
81	96
81	99
82	85
82	86
82	89
82	91
82	93
82	94
82	95
82	97
82	98
83	86
83	87
83	88
83	89
83	91
83	92
83	99
84	85
84	89
84	93
84	95
85	86
85	90
85	91
85	92
85	94
85	99
86	88
86	90
86	92
87	88
87	90
87	91
87	95
87	97
87	98
87	99
88	90
88	93
88	95
88	97
88	98
89	94
90	92
90	94
90	95
90	96
90	97
91	92
91	96
91	99
93	94
93	96
94	98
95	97
95	98
95	99
96	98
97	99
98	99
