0	8
0	9
0	17
0	20
0	21
0	22
0	25
0	31
0	37
0	38
0	40
0	45
0	47
0	50
0	52
0	55
0	57
0	62
0	63
0	67
0	69
0	70
0	71
0	76
0	79
0	81
0	83
0	88
0	92
0	95
0	96
0	97
1	6
1	8
1	10
1	20
1	26
1	29
1	30
1	33
1	34
1	35
1	37
1	39
1	46
1	49
1	51
1	57
1	58
1	60
1	61
1	62
1	63
1	64
1	70
1	71
1	74
1	77
1	79
1	80
1	86
1	87
1	91
1	92
1	95
1	99
2	6
2	8
2	9
2	18
2	22
2	26
2	31
2	32
2	37
2	42
2	43
2	50
2	53
2	55
2	58
2	59
2	60
2	62
2	65
2	68
2	69
2	70
2	75
2	77
2	79
2	82
2	84
2	85
2	86
2	89
2	90
3	5
3	9
3	10
3	17
3	18
3	19
3	21
3	22
3	25
3	28
3	30
3	32
3	34
3	36
3	41
3	44
3	47
3	50
3	58
3	59
3	60
3	61
3	63
3	64
3	68
3	69
3	70
3	71
3	73
3	76
3	78
3	80
3	83
3	84
3	89
3	93
3	97
4	5
4	8
4	10
4	15
4	20
4	21
4	22
4	31
4	33
4	35
4	36
4	37
4	38
4	39
4	41
4	42
4	43
4	47
4	51
4	53
4	58
4	61
4	63
4	72
4	80
4	84
4	86
4	87
4	90
4	91
4	97
4	98
4	99
5	11
5	12
5	13
5	16
5	18
5	19
5	23
5	27
5	28
5	30
5	33
5	35
5	38
5	42
5	43
5	45
5	48
5	59
5	60
5	62
5	66
5	67
5	72
5	73
5	75
5	76
5	77
5	79
5	82
5	87
5	88
5	90
5	92
5	93
5	98
5	99
6	11
6	15
6	16
6	20
6	23
6	25
6	27
6	28
6	30
6	31
6	32
6	35
6	36
6	37
6	38
6	42
6	43
6	46
6	47
6	49
6	51
6	57
6	61
6	67
6	69
6	70
6	72
6	75
6	83
6	84
6	85
6	87
6	91
6	97
6	98
6	99
7	12
7	16
7	17
7	18
7	19
7	20
7	23
7	25
7	27
7	28
7	30
7	31
7	32
7	33
7	34
7	35
7	40
7	43
7	49
7	50
7	51
7	53
7	58
7	59
7	60
7	63
7	68
7	72
7	75
7	76
7	77
7	80
7	84
7	86
7	87
7	88
7	90
7	93
7	96
7	97
8	14
8	25
8	28
8	38
8	39
8	41
8	44
8	47
8	48
8	49
8	56
8	58
8	59
8	62
8	65
8	66
8	69
8	70
8	72
8	74
8	75
8	77
8	78
8	81
8	83
8	84
8	86
8	88
8	90
8	92
8	94
8	95
9	11
9	12
9	14
9	15
9	22
9	25
9	28
9	29
9	30
9	35
9	39
9	40
9	43
9	44
9	48
9	50
9	51
9	53
9	55
9	56
9	57
9	59
9	61
9	69
9	70
9	74
9	78
9	80
9	90
9	91
9	94
10	11
10	13
10	14
10	15
10	18
10	21
10	25
10	27
10	28
10	32
10	33
10	34
10	35
10	39
10	41
10	42
10	44
10	45
10	47
10	53
10	54
10	56
10	58
10	60
10	64
10	65
10	66
10	67
10	73
10	75
10	84
10	85
10	87
10	92
10	93
10	96
10	97
10	99
11	14
11	16
11	17
11	21
11	23
11	25
11	27
11	28
11	29
11	31
11	32
11	34
11	36
11	37
11	38
11	40
11	42
11	43
11	49
11	53
11	55
11	56
11	57
11	59
11	62
11	63
11	67
11	73
11	77
11	78
11	81
11	82
11	86
11	89
11	95
11	99
12	15
12	19
12	21
12	23
12	27
12	28
12	30
12	32
12	33
12	35
12	38
12	39
12	40
12	42
12	43
12	49
12	53
12	54
12	55
12	59
12	60
12	62
12	66
12	67
12	69
12	72
12	80
12	81
12	82
12	83
12	87
12	89
12	90
12	92
12	95
12	97
13	17
13	18
13	19
13	20
13	24
13	27
13	31
13	33
13	39
13	42
13	43
13	44
13	46
13	50
13	51
13	52
13	56
13	61
13	73
13	75
13	77
13	78
13	79
13	80
13	82
13	83
13	84
13	91
13	96
13	97
14	16
14	18
14	19
14	29
14	34
14	38
14	39
14	43
14	47
14	48
14	49
14	50
14	56
14	57
14	59
14	60
14	65
14	68
14	71
14	73
14	76
14	81
14	82
14	86
14	91
14	94
14	96
14	98
14	99
15	19
15	20
15	21
15	23
15	26
15	28
15	31
15	33
15	35
15	39
15	42
15	43
15	44
15	47
15	51
15	52
15	56
15	62
15	63
15	66
15	68
15	69
15	70
15	73
15	75
15	76
15	81
15	82
15	84
15	95
16	19
16	20
16	22
16	25
16	27
16	28
16	34
16	39
16	43
16	46
16	49
16	50
16	51
16	52
16	60
16	64
16	65
16	69
16	70
16	73
16	76
16	77
16	79
16	81
16	84
16	85
16	86
16	88
16	91
16	93
16	94
16	95
16	96
16	97
17	18
17	19
17	20
17	23
17	24
17	29
17	31
17	32
17	34
17	35
17	39
17	41
17	44
17	45
17	47
17	50
17	56
17	61
17	62
17	63
17	65
17	66
17	67
17	71
17	72
17	73
17	76
17	80
17	81
17	82
17	83
17	88
17	90
17	98
18	22
18	24
18	29
18	30
18	31
18	32
18	35
18	37
18	39
18	42
18	43
18	44
18	45
18	49
18	50
18	51
18	52
18	53
18	55
18	56
18	57
18	58
18	60
18	62
18	63
18	65
18	66
18	71
18	74
18	83
18	85
18	88
18	91
18	93
18	94
18	95
19	20
19	21
19	24
19	25
19	27
19	28
19	29
19	33
19	34
19	37
19	38
19	45
19	46
19	47
19	51
19	54
19	57
19	61
19	62
19	63
19	72
19	74
19	75
19	77
19	80
19	81
19	83
19	84
19	85
19	88
19	91
19	94
19	95
19	98
19	99
20	21
20	25
20	26
20	28
20	31
20	35
20	36
20	38
20	39
20	41
20	47
20	50
20	55
20	57
20	58
20	59
20	62
20	66
20	68
20	69
20	71
20	72
20	73
20	74
20	79
20	80
20	86
20	87
20	89
20	93
20	94
21	24
21	28
21	31
21	32
21	34
21	36
21	38
21	40
21	41
21	45
21	46
21	47
21	54
21	56
21	62
21	64
21	65
21	66
21	67
21	69
21	70
21	71
21	76
21	80
21	81
21	83
21	85
21	88
21	89
21	91
21	92
21	94
21	96
22	23
22	25
22	29
22	33
22	35
22	37
22	40
22	43
22	45
22	48
22	51
22	54
22	57
22	58
22	60
22	61
22	62
22	64
22	65
22	66
22	69
22	70
22	71
22	77
22	78
22	80
22	83
22	84
22	86
22	93
22	95
22	96
22	99
23	26
23	27
23	30
23	35
23	45
23	47
23	50
23	53
23	56
23	57
23	58
23	61
23	62
23	67
23	70
23	72
23	81
23	82
23	84
23	85
23	88
23	94
23	97
23	99
24	26
24	27
24	28
24	30
24	31
24	33
24	34
24	36
24	37
24	40
24	41
24	45
24	46
24	47
24	54
24	55
24	57
24	60
24	63
24	67
24	68
24	70
24	71
24	73
24	74
24	76
24	78
24	82
24	84
24	85
24	89
24	94
24	98
25	28
25	29
25	32
25	38
25	41
25	42
25	43
25	47
25	48
25	53
25	54
25	56
25	58
25	61
25	65
25	68
25	70
25	73
25	74
25	76
25	77
25	79
25	84
25	87
25	91
25	93
25	94
25	95
26	33
26	34
26	38
26	40
26	43
26	44
26	54
26	56
26	58
26	59
26	60
26	66
26	68
26	69
26	70
26	73
26	75
26	76
26	78
26	80
26	81
26	83
26	84
26	86
26	88
26	89
26	92
26	93
26	95
26	97
27	28
27	29
27	32
27	36
27	39
27	40
27	42
27	45
27	46
27	48
27	49
27	50
27	52
27	55
27	57
27	58
27	61
27	63
27	65
27	66
27	69
27	70
27	71
27	72
27	79
27	83
27	84
27	85
27	89
27	91
27	92
27	93
27	94
27	98
27	99
28	29
28	30
28	31
28	39
28	40
28	42
28	46
28	53
28	58
28	59
28	65
28	67
28	74
28	77
28	79
28	80
28	81
28	84
28	87
28	89
28	90
28	93
28	95
28	96
28	98
29	30
29	32
29	36
29	38
29	39
29	40
29	41
29	42
29	43
29	44
29	46
29	47
29	54
29	55
29	59
29	60
29	61
29	62
29	64
29	66
29	67
29	69
29	75
29	82
29	85
29	88
29	91
29	92
29	94
29	95
29	99
30	31
30	35
30	36
30	38
30	41
30	43
30	46
30	47
30	51
30	53
30	55
30	56
30	58
30	60
30	61
30	63
30	65
30	69
30	73
30	84
30	87
30	90
30	91
30	92
31	37
31	38
31	39
31	40
31	43
31	47
31	49
31	51
31	52
31	53
31	55
31	58
31	60
31	63
31	67
31	69
31	71
31	77
31	79
31	80
31	81
31	83
31	95
32	33
32	34
32	38
32	39
32	45
32	46
32	51
32	55
32	56
32	63
32	67
32	68
32	69
32	73
32	74
32	76
32	78
32	79
32	80
32	81
32	88
32	89
32	92
32	95
32	98
32	99
33	36
33	38
33	39
33	41
33	42
33	44
33	48
33	51
33	52
33	53
33	55
33	57
33	61
33	70
33	71
33	75
33	77
33	80
33	81
33	82
33	84
33	88
33	91
33	92
33	96
33	98
34	35
34	36
34	37
34	47
34	50
34	51
34	53
34	56
34	60
34	61
34	62
34	66
34	67
34	68
34	72
34	74
34	76
34	77
34	78
34	86
34	87
34	88
34	90
35	36
35	37
35	38
35	39
35	41
35	46
35	50
35	51
35	52
35	58
35	63
35	64
35	65
35	66
35	74
35	76
35	82
35	91
35	93
35	94
35	99
36	38
36	40
36	43
36	44
36	46
36	48
36	53
36	54
36	55
36	57
36	60
36	61
36	63
36	65
36	67
36	70
36	75
36	76
36	78
36	80
36	81
36	82
36	85
36	86
36	87
36	93
36	94
36	95
36	98
37	40
37	42
37	44
37	51
37	52
37	54
37	58
37	59
37	61
37	66
37	68
37	70
37	71
37	73
37	76
37	79
37	85
37	87
37	89
37	90
37	91
37	92
37	93
38	40
38	45
38	49
38	52
38	54
38	58
38	59
38	60
38	61
38	65
38	68
38	69
38	71
38	73
38	74
38	76
38	80
38	81
38	84
38	87
38	88
38	89
38	90
38	92
38	95
38	96
38	97
39	42
39	43
39	51
39	54
39	56
39	58
39	59
39	60
39	62
39	66
39	68
39	74
39	75
39	82
39	84
39	85
39	87
39	90
39	94
40	42
40	44
40	46
40	48
40	51
40	52
40	58
40	59
40	63
40	64
40	72
40	73
40	75
40	77
40	79
40	82
40	85
40	91
40	92
40	94
40	97
40	98
40	99
41	42
41	44
41	45
41	46
41	48
41	49
41	51
41	53
41	57
41	58
41	60
41	65
41	66
41	67
41	68
41	70
41	80
41	81
41	84
41	88
41	91
41	92
41	95
41	97
42	44
42	45
42	46
42	49
42	50
42	55
42	57
42	61
42	70
42	71
42	78
42	83
42	85
42	86
42	88
42	92
42	94
42	98
43	48
43	50
43	54
43	55
43	56
43	57
43	58
43	59
43	60
43	61
43	62
43	63
43	67
43	70
43	75
43	77
43	82
43	84
43	86
43	88
43	90
43	92
43	98
44	46
44	49
44	50
44	55
44	58
44	63
44	68
44	72
44	74
44	78
44	79
44	81
44	82
44	84
44	87
44	89
44	90
44	92
44	93
44	94
44	95
44	96
44	97
44	99
45	54
45	56
45	57
45	58
45	59
45	61
45	62
45	67
45	68
45	69
45	72
45	73
45	74
45	81
45	83
45	84
45	85
45	86
45	87
45	88
45	91
45	98
46	47
46	52
46	56
46	60
46	64
46	66
46	73
46	77
46	78
46	79
46	80
46	82
46	84
46	88
46	89
46	94
46	99
47	49
47	51
47	54
47	56
47	59
47	63
47	65
47	68
47	69
47	70
47	75
47	76
47	77
47	81
47	88
47	91
47	94
47	95
47	96
47	97
47	99
48	50
48	53
48	55
48	56
48	57
48	58
48	59
48	61
48	66
48	76
48	77
48	87
48	89
48	90
48	93
48	96
48	97
48	99
49	54
49	55
49	62
49	63
49	67
49	68
49	69
49	71
49	72
49	74
49	75
49	80
49	82
49	88
49	89
49	90
49	91
49	92
49	94
50	55
50	63
50	65
50	66
50	69
50	72
50	73
50	74
50	75
50	77
50	82
50	83
50	85
50	87
50	88
50	91
50	93
50	95
50	98
50	99
51	54
51	55
51	56
51	57
51	60
51	61
51	63
51	65
51	73
51	81
51	82
51	84
51	88
51	89
51	92
51	95
51	96
52	54
52	56
52	61
52	62
52	64
52	67
52	72
52	73
52	74
52	76
52	81
52	82
52	87
52	88
52	90
52	92
52	93
52	96
52	97
52	98
52	99
53	54
53	59
53	63
53	65
53	72
53	74
53	77
53	78
53	79
53	81
53	82
53	85
53	86
53	87
53	93
53	94
53	96
53	97
54	57
54	58
54	61
54	62
54	63
54	64
54	66
54	68
54	71
54	76
54	77
54	78
54	79
54	80
54	83
54	84
54	86
54	91
54	94
54	95
55	57
55	60
55	62
55	63
55	65
55	70
55	71
55	73
55	74
55	78
55	80
55	84
55	86
55	89
55	91
55	92
55	93
55	98
56	58
56	59
56	61
56	62
56	66
56	68
56	72
56	74
56	75
56	90
56	91
56	92
56	93
56	96
57	58
57	60
57	66
57	72
57	74
57	75
57	76
57	81
57	82
57	85
57	86
57	87
57	91
57	92
57	95
57	97
57	98
57	99
58	60
58	64
58	65
58	67
58	70
58	71
58	77
58	79
58	80
58	81
58	85
58	86
58	87
58	90
58	97
58	98
59	62
59	69
59	72
59	73
59	76
59	80
59	86
59	89
59	92
59	93
59	94
59	95
60	62
60	66
60	67
60	71
60	78
60	80
60	87
60	88
60	90
60	91
60	92
60	94
60	95
60	99
61	66
61	68
61	71
61	72
61	74
61	75
61	79
61	80
61	82
61	83
61	88
61	90
61	93
61	95
61	96
61	99
62	64
62	65
62	66
62	72
62	73
62	74
62	77
62	82
62	83
62	86
62	91
62	95
62	96
62	98
62	99
63	64
63	68
63	70
63	72
63	73
63	78
63	85
63	91
63	92
63	96
63	97
63	99
64	66
64	70
64	71
64	72
64	73
64	76
64	80
64	83
64	88
64	95
64	96
65	68
65	73
65	75
65	77
65	80
65	81
65	82
65	83
65	86
65	88
65	90
65	96
65	98
65	99
66	69
66	71
66	72
66	77
66	79
66	84
66	87
66	88
66	89
66	90
66	93
66	95
67	71
67	72
67	74
67	83
67	85
67	91
67	95
67	97
68	70
68	74
68	77
68	78
68	79
68	81
68	82
68	85
68	89
68	90
69	71
69	77
69	79
69	80
69	92
69	93
69	94
69	96
69	99
70	71
70	73
70	75
70	82
70	85
70	86
70	89
70	90
70	92
70	95
70	96
70	99
71	74
71	76
71	78
71	81
71	82
71	83
71	85
71	93
71	94
71	99
72	73
72	78
72	91
72	94
72	96
72	97
73	76
73	78
73	80
73	83
73	84
73	86
73	88
73	89
73	95
73	96
74	79
74	80
74	83
74	84
74	85
74	89
74	91
74	95
74	96
74	97
75	77
75	79
75	83
75	84
75	86
75	88
75	89
75	90
75	92
75	93
75	94
75	99
76	82
76	83
76	84
76	89
76	90
76	92
76	97
77	78
77	79
77	81
77	83
77	84
77	85
77	88
77	90
77	92
77	94
77	96
77	97
77	98
78	81
78	85
78	87
78	88
78	89
78	90
79	84
79	87
79	88
79	89
79	91
79	92
79	95
79	97
79	98
80	83
80	84
80	85
80	87
80	90
80	93
80	95
80	97
81	82
81	83
81	84
81	85
81	86
81	98
82	88
82	95
82	96
82	97
83	85
83	91
83	92
83	96
83	97
83	98
84	90
84	92
84	94
85	87
85	88
85	89
85	90
85	92
85	94
85	95
85	99
86	89
86	90
86	91
86	98
86	99
87	88
87	90
87	95
87	96
87	97
87	98
88	96
88	99
89	92
89	93
89	97
90	96
90	98
90	99
91	96
91	97
91	98
91	99
92	94
92	96
92	98
93	94
93	98
94	96
94	98
95	96
95	97
95	98
96	98
96	99
97	99
98	99
