0	1
0	2
0	5
0	6
0	9
0	12
0	19
0	21
0	25
0	28
0	29
0	30
0	35
0	36
0	37
0	38
0	40
0	41
0	48
0	54
0	56
0	61
0	64
0	68
0	76
0	79
0	82
0	87
0	88
0	90
0	91
0	92
0	94
0	95
0	96
0	97
0	98
1	5
1	6
1	13
1	14
1	16
1	18
1	20
1	30
1	31
1	32
1	38
1	40
1	42
1	48
1	49
1	52
1	53
1	54
1	55
1	57
1	58
1	59
1	61
1	62
1	67
1	70
1	71
1	72
1	73
1	74
1	77
1	81
1	86
1	90
1	96
1	97
2	3
2	4
2	6
2	10
2	11
2	12
2	13
2	17
2	25
2	27
2	29
2	33
2	38
2	46
2	50
2	52
2	53
2	54
2	58
2	60
2	63
2	64
2	67
2	71
2	72
2	74
2	80
2	84
2	86
2	88
2	90
2	96
3	6
3	7
3	10
3	13
3	17
3	20
3	21
3	22
3	24
3	25
3	26
3	29
3	31
3	33
3	34
3	35
3	36
3	37
3	39
3	42
3	46
3	51
3	54
3	56
3	57
3	58
3	60
3	61
3	65
3	66
3	75
3	78
3	83
3	88
3	92
4	6
4	10
4	18
4	21
4	22
4	23
4	27
4	28
4	29
4	30
4	39
4	41
4	43
4	45
4	46
4	53
4	54
4	55
4	58
4	60
4	61
4	67
4	71
4	72
4	73
4	80
4	82
4	85
4	90
4	91
4	92
4	95
4	97
5	7
5	8
5	11
5	15
5	17
5	19
5	22
5	23
5	26
5	27
5	28
5	32
5	33
5	34
5	40
5	41
5	46
5	47
5	54
5	61
5	62
5	63
5	69
5	74
5	76
5	77
5	80
5	84
5	85
5	88
5	99
6	7
6	10
6	12
6	18
6	19
6	22
6	23
6	24
6	26
6	29
6	30
6	31
6	32
6	34
6	35
6	36
6	37
6	39
6	41
6	47
6	49
6	51
6	54
6	55
6	61
6	65
6	66
6	71
6	77
6	80
6	81
6	87
6	91
6	95
6	96
7	9
7	10
7	11
7	13
7	17
7	18
7	21
7	22
7	26
7	29
7	31
7	32
7	33
7	38
7	40
7	42
7	43
7	46
7	47
7	49
7	50
7	55
7	56
7	58
7	61
7	66
7	67
7	80
7	86
7	88
7	89
7	90
7	94
7	98
7	99
8	9
8	11
8	12
8	17
8	18
8	19
8	34
8	36
8	37
8	39
8	41
8	42
8	44
8	47
8	48
8	50
8	53
8	54
8	59
8	63
8	65
8	69
8	70
8	72
8	74
8	77
8	78
8	79
8	84
8	85
8	86
8	88
8	93
8	96
9	14
9	19
9	22
9	24
9	30
9	32
9	36
9	37
9	44
9	46
9	48
9	52
9	57
9	59
9	63
9	65
9	66
9	69
9	70
9	71
9	73
9	74
9	75
9	77
9	78
9	80
9	86
9	89
9	90
9	93
9	94
9	95
9	96
9	97
9	99
10	14
10	15
10	16
10	20
10	21
10	24
10	26
10	29
10	30
10	35
10	36
10	39
10	42
10	53
10	55
10	56
10	58
10	65
10	67
10	68
10	70
10	72
10	76
10	78
10	80
10	83
10	85
10	88
10	89
10	90
10	92
10	93
10	94
10	97
10	98
11	13
11	18
11	20
11	25
11	26
11	30
11	31
11	33
11	34
11	36
11	38
11	41
11	44
11	45
11	46
11	48
11	49
11	51
11	58
11	59
11	61
11	62
11	71
11	72
11	78
11	80
11	81
11	82
11	87
11	88
11	93
11	98
12	15
12	17
12	19
12	22
12	24
12	25
12	27
12	33
12	37
12	38
12	40
12	41
12	43
12	46
12	48
12	49
12	51
12	54
12	56
12	59
12	60
12	61
12	62
12	66
12	70
12	74
12	77
12	80
12	82
12	84
12	88
12	92
12	93
12	94
12	97
12	99
13	15
13	17
13	18
13	21
13	24
13	33
13	39
13	43
13	44
13	48
13	50
13	52
13	70
13	71
13	76
13	77
13	78
13	80
13	82
13	84
13	85
13	90
13	91
13	92
13	93
13	94
14	15
14	18
14	21
14	22
14	25
14	26
14	30
14	32
14	33
14	35
14	38
14	41
14	47
14	49
14	58
14	59
14	61
14	62
14	64
14	65
14	66
14	73
14	76
14	86
14	90
14	91
14	96
15	21
15	23
15	27
15	30
15	33
15	34
15	37
15	39
15	42
15	43
15	44
15	49
15	50
15	52
15	53
15	55
15	57
15	67
15	69
15	72
15	79
15	80
15	83
15	89
15	90
15	92
15	93
15	97
15	98
15	99
16	17
16	18
16	21
16	23
16	24
16	26
16	29
16	32
16	34
16	36
16	37
16	38
16	39
16	42
16	43
16	46
16	49
16	50
16	51
16	52
16	53
16	57
16	59
16	60
16	61
16	63
16	67
16	73
16	74
16	76
16	78
16	82
16	83
16	84
16	89
16	95
16	98
17	19
17	20
17	23
17	26
17	34
17	40
17	43
17	45
17	46
17	48
17	49
17	51
17	52
17	53
17	54
17	55
17	57
17	59
17	62
17	67
17	69
17	73
17	75
17	78
17	79
17	80
17	84
17	87
17	89
17	90
17	94
17	96
17	97
17	98
18	21
18	24
18	25
18	28
18	33
18	34
18	36
18	37
18	38
18	39
18	42
18	44
18	45
18	47
18	48
18	49
18	50
18	54
18	55
18	57
18	61
18	65
18	66
18	73
18	74
18	76
18	79
18	86
18	87
18	88
18	90
18	98
19	21
19	23
19	24
19	26
19	27
19	31
19	32
19	40
19	41
19	42
19	43
19	46
19	47
19	50
19	58
19	59
19	60
19	64
19	65
19	66
19	67
19	72
19	74
19	75
19	76
19	77
19	78
19	81
19	82
19	83
19	84
19	90
19	91
19	96
19	99
20	21
20	23
20	26
20	27
20	29
20	30
20	38
20	39
20	40
20	44
20	47
20	49
20	52
20	53
20	54
20	55
20	56
20	61
20	62
20	65
20	66
20	69
20	70
20	73
20	74
20	77
20	80
20	81
20	83
20	84
20	85
20	86
20	88
21	23
21	24
21	25
21	27
21	31
21	34
21	37
21	40
21	41
21	47
21	48
21	53
21	54
21	55
21	57
21	62
21	65
21	67
21	82
21	83
21	85
21	86
21	87
21	89
21	93
21	96
22	24
22	25
22	29
22	30
22	33
22	43
22	45
22	49
22	50
22	55
22	57
22	61
22	62
22	66
22	70
22	71
22	73
22	75
22	80
22	91
22	95
22	96
22	97
23	24
23	31
23	37
23	45
23	52
23	53
23	56
23	57
23	58
23	59
23	61
23	65
23	72
23	73
23	74
23	76
23	77
23	79
23	84
23	88
23	93
23	94
23	98
24	25
24	26
24	28
24	32
24	34
24	35
24	48
24	54
24	60
24	70
24	71
24	81
24	82
24	83
24	84
24	88
24	90
24	91
24	99
25	27
25	28
25	29
25	38
25	42
25	43
25	44
25	48
25	50
25	55
25	56
25	57
25	58
25	59
25	61
25	64
25	72
25	76
25	78
25	81
25	83
25	84
25	86
25	93
25	94
25	96
25	97
26	28
26	31
26	34
26	36
26	37
26	38
26	40
26	44
26	48
26	50
26	55
26	56
26	57
26	60
26	63
26	66
26	69
26	70
26	79
26	80
26	86
26	93
26	97
26	98
27	30
27	31
27	32
27	36
27	37
27	40
27	41
27	43
27	44
27	45
27	50
27	51
27	54
27	55
27	56
27	61
27	62
27	63
27	65
27	66
27	67
27	69
27	70
27	71
27	75
27	78
27	82
27	84
27	85
27	87
27	88
27	90
27	96
27	98
28	33
28	35
28	38
28	40
28	41
28	43
28	44
28	47
28	48
28	49
28	50
28	51
28	53
28	57
28	63
28	64
28	66
28	69
28	72
28	73
28	75
28	77
28	78
28	79
28	83
28	84
28	85
28	86
28	87
28	89
28	95
28	96
28	98
29	41
29	42
29	43
29	49
29	50
29	53
29	55
29	56
29	57
29	58
29	66
29	68
29	70
29	71
29	72
29	74
29	81
29	82
29	84
29	85
29	86
29	91
29	95
29	96
30	32
30	33
30	34
30	36
30	38
30	39
30	42
30	44
30	47
30	48
30	51
30	53
30	55
30	62
30	68
30	69
30	73
30	74
30	79
30	82
30	85
30	91
30	92
30	97
30	98
30	99
31	35
31	39
31	41
31	44
31	46
31	49
31	50
31	51
31	52
31	55
31	56
31	57
31	58
31	59
31	62
31	63
31	64
31	67
31	68
31	71
31	74
31	77
31	80
31	86
31	89
31	90
31	91
31	92
31	93
31	97
31	98
32	33
32	34
32	38
32	41
32	42
32	43
32	44
32	45
32	51
32	53
32	55
32	56
32	58
32	60
32	61
32	63
32	64
32	66
32	69
32	72
32	73
32	77
32	79
32	81
32	84
32	87
32	89
32	98
33	35
33	36
33	38
33	39
33	40
33	42
33	43
33	47
33	51
33	52
33	54
33	63
33	65
33	66
33	68
33	70
33	71
33	74
33	76
33	77
33	79
33	84
33	90
33	92
33	94
33	95
33	98
34	37
34	38
34	41
34	45
34	46
34	48
34	53
34	58
34	59
34	60
34	61
34	63
34	68
34	70
34	71
34	73
34	74
34	75
34	84
34	85
34	86
34	91
34	95
34	96
34	97
35	38
35	39
35	41
35	42
35	45
35	50
35	53
35	54
35	56
35	57
35	58
35	61
35	62
35	64
35	68
35	70
35	71
35	78
35	80
35	84
35	87
35	88
35	91
35	92
35	94
35	97
35	99
36	39
36	40
36	43
36	46
36	48
36	50
36	51
36	53
36	55
36	56
36	57
36	62
36	68
36	72
36	74
36	75
36	76
36	83
36	86
36	87
36	89
36	90
36	92
36	94
36	97
36	98
37	39
37	44
37	47
37	56
37	57
37	58
37	59
37	64
37	69
37	71
37	72
37	74
37	75
37	76
37	78
37	81
37	84
37	87
37	88
37	94
37	99
38	43
38	44
38	47
38	54
38	55
38	57
38	60
38	62
38	63
38	68
38	69
38	71
38	72
38	74
38	76
38	77
38	80
38	81
38	82
38	90
38	91
38	93
38	95
38	97
38	99
39	45
39	47
39	49
39	54
39	59
39	60
39	62
39	63
39	64
39	74
39	75
39	76
39	79
39	80
39	81
39	83
39	84
39	88
39	89
39	90
39	92
40	42
40	45
40	46
40	47
40	51
40	52
40	58
40	62
40	63
40	66
40	68
40	69
40	71
40	73
40	74
40	75
40	77
40	81
40	86
40	89
40	95
40	98
40	99
41	49
41	50
41	55
41	56
41	57
41	58
41	61
41	63
41	65
41	67
41	70
41	76
41	79
41	81
41	83
41	84
41	89
41	91
41	92
41	99
42	44
42	47
42	50
42	51
42	52
42	57
42	59
42	60
42	64
42	68
42	69
42	70
42	71
42	73
42	75
42	80
42	82
42	85
42	87
42	88
42	92
42	95
42	97
43	45
43	46
43	49
43	55
43	56
43	58
43	63
43	67
43	69
43	70
43	72
43	73
43	74
43	75
43	77
43	79
43	85
43	88
43	92
43	94
44	46
44	49
44	52
44	53
44	55
44	56
44	58
44	62
44	65
44	68
44	79
44	81
44	82
44	86
44	87
44	90
44	91
44	92
44	93
44	96
44	97
45	49
45	54
45	56
45	58
45	60
45	62
45	63
45	65
45	68
45	69
45	74
45	76
45	77
45	80
45	83
45	87
45	88
45	90
45	91
45	93
45	95
45	98
46	50
46	53
46	57
46	59
46	65
46	66
46	67
46	70
46	74
46	76
46	78
46	82
46	83
46	85
46	86
46	99
47	50
47	54
47	57
47	58
47	59
47	62
47	63
47	64
47	66
47	71
47	73
47	75
47	79
47	80
47	81
47	85
47	87
47	88
47	89
47	92
47	93
47	94
47	95
47	99
48	50
48	53
48	56
48	57
48	60
48	62
48	63
48	66
48	68
48	72
48	74
48	77
48	78
48	79
48	82
48	83
48	85
48	89
48	92
48	95
49	60
49	62
49	63
49	64
49	65
49	66
49	73
49	75
49	76
49	79
49	82
49	83
49	84
49	91
49	92
49	94
49	95
49	99
50	52
50	57
50	58
50	59
50	61
50	70
50	72
50	74
50	76
50	79
50	81
50	83
50	87
50	91
50	93
50	94
50	95
50	97
50	98
51	52
51	53
51	56
51	57
51	61
51	62
51	63
51	66
51	70
51	71
51	73
51	74
51	76
51	77
51	79
51	84
51	87
51	88
51	89
51	90
51	91
51	96
51	98
52	53
52	56
52	57
52	64
52	65
52	68
52	70
52	75
52	80
52	81
52	83
52	85
52	87
52	92
52	94
52	98
52	99
53	54
53	55
53	58
53	61
53	62
53	73
53	79
53	80
53	87
53	90
53	96
53	99
54	56
54	59
54	61
54	62
54	68
54	69
54	71
54	72
54	77
54	83
54	84
54	85
54	86
54	87
54	88
54	89
54	92
54	93
54	98
55	63
55	65
55	68
55	69
55	73
55	78
55	80
55	82
55	83
55	86
55	87
55	91
55	92
55	93
55	97
55	98
56	58
56	59
56	61
56	64
56	66
56	67
56	69
56	73
56	74
56	77
56	80
56	81
56	82
56	83
56	85
56	89
56	90
56	91
56	93
56	95
56	97
56	98
56	99
57	58
57	61
57	63
57	67
57	69
57	71
57	75
57	78
57	83
57	84
57	88
57	90
57	94
57	98
57	99
58	59
58	60
58	61
58	62
58	63
58	67
58	69
58	70
58	71
58	73
58	75
58	80
58	85
58	86
58	90
58	92
58	93
58	96
59	64
59	66
59	73
59	79
59	83
59	84
59	87
59	89
59	91
59	93
59	97
59	99
60	62
60	68
60	69
60	70
60	71
60	74
60	75
60	76
60	77
60	83
60	84
60	87
60	90
60	92
60	93
60	94
60	95
60	96
60	97
60	98
60	99
61	69
61	76
61	77
61	84
61	85
61	88
61	89
61	90
61	93
61	95
61	97
61	99
62	70
62	71
62	73
62	77
62	78
62	79
62	80
62	84
62	85
62	92
62	94
62	97
62	99
63	64
63	65
63	66
63	68
63	70
63	78
63	81
63	83
63	85
63	89
63	90
63	92
63	98
64	71
64	77
64	79
64	82
64	86
64	87
64	90
64	94
64	95
65	66
65	67
65	70
65	71
65	72
65	73
65	74
65	75
65	76
65	80
65	81
65	82
65	87
65	92
65	94
65	99
66	67
66	68
66	70
66	73
66	75
66	76
66	84
66	86
66	91
66	92
66	95
66	97
67	71
67	72
67	77
67	79
67	83
67	86
67	88
67	91
67	99
68	76
68	77
68	78
68	79
68	84
68	91
68	92
68	96
68	98
69	71
69	72
69	75
69	86
69	87
69	89
69	92
69	95
69	96
70	74
70	82
70	83
70	85
70	87
70	89
70	92
70	94
70	95
70	96
70	97
70	98
71	74
71	75
71	79
71	85
71	87
71	91
71	92
71	95
71	97
72	85
72	87
72	92
72	93
72	96
72	97
72	98
72	99
73	79
73	80
73	81
73	87
73	88
73	95
74	77
74	78
74	81
74	82
74	86
74	88
74	91
74	94
74	96
74	97
74	99
75	77
75	78
75	87
75	89
75	90
75	93
75	96
75	99
76	78
76	79
76	83
76	85
76	88
76	91
76	94
77	81
77	82
77	89
77	93
77	94
77	97
77	99
78	79
78	80
78	82
78	85
78	95
78	96
79	81
79	83
79	84
79	92
79	94
79	95
79	96
79	98
79	99
80	83
80	84
80	85
80	86
80	92
80	94
80	96
81	84
81	85
81	87
81	88
81	89
81	92
81	95
81	96
81	97
82	83
82	85
82	87
82	94
82	96
82	97
82	99
83	84
83	85
83	86
83	87
83	88
83	89
83	93
83	95
83	96
83	98
84	87
84	92
84	94
84	95
84	96
85	88
85	89
85	91
85	92
85	93
85	94
85	95
85	98
86	88
86	92
86	95
86	98
87	89
87	90
87	93
88	93
88	94
88	96
89	90
89	92
89	96
91	94
91	95
91	96
91	98
91	99
92	94
92	95
93	94
93	96
93	97
93	99
94	97
94	98
95	97
95	98
95	99
96	98
96	99
