0	1
0	2
0	3
0	5
0	6
0	7
0	15
0	17
0	24
0	28
0	29
0	30
0	36
0	37
0	38
0	40
0	42
0	46
0	47
0	52
0	64
0	66
0	67
0	69
0	76
0	78
0	81
0	82
0	83
0	84
0	91
0	93
0	95
0	97
0	98
1	2
1	5
1	9
1	11
1	16
1	18
1	22
1	25
1	26
1	30
1	34
1	37
1	39
1	40
1	43
1	44
1	45
1	46
1	57
1	58
1	61
1	62
1	68
1	70
1	71
1	74
1	76
1	77
1	79
1	83
1	89
1	93
1	95
1	98
2	3
2	4
2	5
2	12
2	15
2	17
2	22
2	30
2	32
2	34
2	37
2	44
2	45
2	49
2	50
2	52
2	53
2	59
2	63
2	66
2	69
2	73
2	74
2	75
2	76
2	77
2	80
2	81
2	85
2	86
2	92
2	96
2	98
3	7
3	8
3	9
3	10
3	11
3	20
3	21
3	22
3	24
3	25
3	29
3	36
3	40
3	41
3	42
3	43
3	44
3	49
3	52
3	53
3	56
3	60
3	68
3	69
3	72
3	73
3	74
3	78
3	80
3	83
3	84
3	85
3	91
3	94
3	96
3	98
3	99
4	5
4	7
4	11
4	13
4	18
4	19
4	23
4	28
4	37
4	38
4	40
4	41
4	45
4	47
4	52
4	53
4	57
4	60
4	63
4	64
4	65
4	71
4	72
4	74
4	75
4	79
4	80
4	85
4	92
4	94
4	97
4	99
5	8
5	9
5	21
5	25
5	28
5	30
5	32
5	34
5	36
5	38
5	39
5	45
5	47
5	48
5	49
5	51
5	52
5	56
5	57
5	60
5	61
5	63
5	66
5	68
5	77
5	82
5	85
5	88
5	95
5	96
5	99
6	7
6	8
6	10
6	17
6	18
6	21
6	22
6	23
6	24
6	27
6	29
6	30
6	31
6	32
6	35
6	36
6	37
6	38
6	40
6	41
6	42
6	45
6	47
6	50
6	53
6	54
6	57
6	60
6	63
6	64
6	66
6	68
6	69
6	74
6	75
6	81
6	84
6	86
6	87
6	88
6	91
6	92
6	96
6	97
6	99
7	9
7	10
7	15
7	16
7	25
7	27
7	29
7	33
7	35
7	37
7	38
7	39
7	40
7	44
7	45
7	48
7	49
7	51
7	58
7	59
7	62
7	63
7	69
7	70
7	74
7	81
7	82
7	83
7	84
7	91
7	94
7	95
7	96
7	98
8	10
8	12
8	14
8	21
8	22
8	26
8	27
8	32
8	40
8	42
8	43
8	44
8	47
8	48
8	50
8	51
8	52
8	55
8	56
8	57
8	58
8	64
8	65
8	66
8	68
8	69
8	74
8	76
8	78
8	79
8	80
8	82
8	88
9	14
9	17
9	18
9	20
9	24
9	31
9	34
9	36
9	37
9	39
9	40
9	46
9	48
9	53
9	56
9	57
9	60
9	63
9	66
9	69
9	70
9	71
9	74
9	77
9	82
9	83
9	85
9	88
9	89
9	95
10	13
10	18
10	19
10	21
10	26
10	29
10	37
10	38
10	39
10	41
10	42
10	44
10	46
10	48
10	50
10	51
10	53
10	54
10	55
10	56
10	57
10	60
10	61
10	64
10	65
10	66
10	70
10	75
10	81
10	84
10	87
10	94
10	97
11	12
11	20
11	23
11	24
11	25
11	27
11	30
11	31
11	32
11	34
11	35
11	36
11	37
11	40
11	43
11	44
11	45
11	51
11	53
11	57
11	58
11	59
11	60
11	61
11	65
11	69
11	79
11	81
11	87
11	92
11	93
11	94
11	95
11	97
11	98
11	99
12	13
12	14
12	16
12	20
12	21
12	22
12	23
12	29
12	32
12	33
12	38
12	40
12	41
12	43
12	47
12	48
12	50
12	53
12	54
12	55
12	56
12	59
12	60
12	62
12	63
12	64
12	67
12	71
12	74
12	75
12	79
12	80
12	83
12	84
12	85
12	88
12	92
12	95
13	15
13	18
13	31
13	32
13	35
13	41
13	44
13	47
13	51
13	52
13	54
13	56
13	60
13	62
13	65
13	66
13	69
13	70
13	71
13	72
13	73
13	74
13	76
13	77
13	79
13	83
13	85
13	93
13	98
14	15
14	18
14	21
14	26
14	31
14	33
14	43
14	47
14	49
14	50
14	56
14	66
14	67
14	70
14	71
14	74
14	79
14	80
14	83
14	84
14	86
14	87
14	89
14	90
14	91
14	92
14	95
14	97
14	98
14	99
15	16
15	21
15	28
15	29
15	30
15	31
15	32
15	35
15	38
15	39
15	41
15	42
15	43
15	47
15	48
15	51
15	55
15	56
15	59
15	60
15	61
15	64
15	66
15	68
15	70
15	72
15	73
15	77
15	81
15	83
15	86
15	88
15	95
15	99
16	17
16	19
16	21
16	26
16	27
16	30
16	34
16	35
16	36
16	38
16	39
16	44
16	45
16	49
16	52
16	57
16	58
16	63
16	67
16	77
16	79
16	85
16	86
16	87
16	89
16	90
16	92
16	93
16	94
16	95
16	97
16	99
17	19
17	20
17	21
17	23
17	24
17	28
17	31
17	32
17	35
17	36
17	39
17	42
17	44
17	45
17	48
17	53
17	56
17	58
17	59
17	60
17	63
17	75
17	78
17	80
17	81
17	85
17	87
17	89
17	90
17	92
17	96
17	99
18	19
18	20
18	22
18	24
18	28
18	29
18	31
18	38
18	39
18	40
18	41
18	44
18	45
18	46
18	47
18	50
18	51
18	53
18	55
18	56
18	58
18	59
18	60
18	65
18	69
18	70
18	72
18	74
18	78
18	79
18	81
18	82
18	86
18	87
18	89
18	90
18	93
18	95
18	96
18	99
19	20
19	22
19	24
19	27
19	30
19	31
19	35
19	39
19	40
19	42
19	45
19	50
19	57
19	59
19	63
19	65
19	66
19	69
19	72
19	75
19	77
19	81
19	82
19	83
19	87
19	88
19	91
19	93
19	95
19	97
20	22
20	23
20	25
20	28
20	30
20	39
20	40
20	42
20	47
20	49
20	50
20	51
20	52
20	56
20	60
20	61
20	68
20	71
20	72
20	73
20	74
20	77
20	78
20	86
20	91
20	93
20	94
20	96
20	97
20	99
21	23
21	24
21	26
21	27
21	35
21	36
21	40
21	41
21	43
21	46
21	48
21	49
21	50
21	57
21	62
21	64
21	65
21	67
21	73
21	74
21	78
21	79
21	80
21	85
21	88
21	94
21	97
21	99
22	23
22	24
22	25
22	27
22	29
22	32
22	34
22	43
22	45
22	47
22	55
22	59
22	60
22	61
22	62
22	66
22	67
22	69
22	71
22	72
22	73
22	75
22	76
22	82
22	84
22	85
22	86
22	87
22	90
22	95
23	26
23	29
23	30
23	33
23	34
23	37
23	38
23	43
23	44
23	45
23	47
23	48
23	49
23	52
23	59
23	60
23	63
23	65
23	73
23	77
23	78
23	79
23	82
23	83
23	87
23	89
23	90
23	91
23	96
23	98
24	25
24	28
24	29
24	32
24	36
24	37
24	38
24	41
24	42
24	46
24	49
24	52
24	54
24	55
24	56
24	62
24	65
24	66
24	67
24	69
24	70
24	74
24	75
24	83
24	84
24	86
24	93
24	97
25	26
25	31
25	33
25	35
25	36
25	37
25	42
25	46
25	49
25	52
25	56
25	58
25	63
25	64
25	65
25	68
25	71
25	72
25	73
25	75
25	78
25	83
25	86
25	88
25	89
25	90
25	93
25	96
25	97
25	98
25	99
26	27
26	31
26	32
26	36
26	39
26	46
26	48
26	49
26	52
26	53
26	56
26	63
26	66
26	76
26	79
26	80
26	81
26	82
26	83
26	86
26	87
26	91
26	92
26	94
26	95
26	96
26	98
26	99
27	28
27	29
27	32
27	33
27	34
27	43
27	45
27	48
27	51
27	53
27	54
27	55
27	57
27	58
27	59
27	60
27	61
27	64
27	71
27	74
27	76
27	77
27	78
27	79
27	80
27	82
27	85
27	87
27	93
27	95
27	96
28	29
28	30
28	32
28	33
28	35
28	36
28	38
28	43
28	46
28	47
28	48
28	53
28	55
28	59
28	60
28	61
28	63
28	64
28	67
28	71
28	74
28	75
28	77
28	79
28	80
28	82
28	85
28	92
28	95
28	96
29	30
29	31
29	34
29	35
29	38
29	39
29	42
29	56
29	59
29	62
29	63
29	65
29	74
29	77
29	79
29	80
29	85
29	86
29	89
29	90
29	91
29	92
29	94
29	95
29	99
30	39
30	40
30	41
30	45
30	46
30	51
30	62
30	69
30	70
30	71
30	75
30	76
30	77
30	79
30	83
30	84
30	86
30	90
30	93
30	94
30	99
31	32
31	35
31	37
31	40
31	41
31	42
31	43
31	47
31	48
31	50
31	52
31	55
31	56
31	57
31	59
31	60
31	61
31	62
31	65
31	68
31	71
31	76
31	79
31	85
31	88
31	89
31	93
32	34
32	35
32	38
32	39
32	45
32	46
32	50
32	51
32	56
32	57
32	64
32	70
32	73
32	75
32	82
32	84
32	87
32	88
32	90
32	91
32	94
32	95
32	97
33	36
33	40
33	41
33	42
33	47
33	49
33	50
33	52
33	54
33	55
33	57
33	58
33	61
33	62
33	63
33	64
33	67
33	69
33	70
33	71
33	81
33	82
33	84
33	86
33	88
33	89
33	91
33	92
33	95
34	38
34	39
34	47
34	50
34	51
34	52
34	53
34	54
34	56
34	57
34	58
34	61
34	68
34	70
34	72
34	73
34	74
34	76
34	84
34	87
34	89
34	94
34	95
34	96
35	36
35	37
35	42
35	44
35	50
35	53
35	54
35	58
35	61
35	65
35	68
35	71
35	74
35	77
35	78
35	80
35	84
35	89
35	90
35	91
35	94
35	95
36	42
36	43
36	44
36	46
36	49
36	51
36	53
36	55
36	61
36	62
36	63
36	64
36	69
36	70
36	71
36	72
36	73
36	74
36	75
36	76
36	84
36	86
36	87
36	88
36	90
37	39
37	45
37	48
37	53
37	54
37	55
37	61
37	62
37	64
37	68
37	69
37	72
37	75
37	76
37	78
37	79
37	80
37	85
37	87
37	89
37	90
37	92
37	94
37	98
37	99
38	42
38	43
38	45
38	46
38	47
38	54
38	55
38	58
38	60
38	61
38	62
38	63
38	69
38	73
38	74
38	76
38	77
38	79
38	80
38	84
38	87
38	88
38	91
38	93
38	94
38	95
38	96
39	40
39	42
39	43
39	44
39	45
39	47
39	50
39	52
39	53
39	55
39	60
39	63
39	68
39	71
39	74
39	77
39	79
39	80
39	81
39	84
39	90
39	91
39	95
39	98
40	41
40	42
40	44
40	47
40	52
40	54
40	55
40	59
40	62
40	66
40	68
40	70
40	73
40	76
40	78
40	80
40	82
40	86
40	93
40	95
41	42
41	46
41	52
41	55
41	56
41	59
41	60
41	61
41	63
41	66
41	67
41	68
41	69
41	75
41	77
41	80
41	94
41	96
41	99
42	44
42	49
42	50
42	51
42	53
42	56
42	60
42	61
42	67
42	73
42	74
42	75
42	77
42	80
42	88
42	89
42	90
42	94
42	96
43	46
43	50
43	51
43	54
43	57
43	60
43	64
43	65
43	66
43	68
43	70
43	71
43	72
43	73
43	74
43	75
43	76
43	79
43	83
43	85
43	89
43	92
43	94
43	99
44	46
44	48
44	50
44	56
44	58
44	61
44	66
44	68
44	70
44	72
44	74
44	75
44	76
44	78
44	79
44	82
44	83
44	88
44	90
44	91
44	94
44	96
44	98
45	52
45	58
45	60
45	62
45	63
45	65
45	67
45	68
45	70
45	72
45	75
45	76
45	77
45	87
45	88
45	90
45	91
45	93
45	97
45	98
46	47
46	48
46	50
46	55
46	59
46	61
46	64
46	67
46	70
46	71
46	74
46	79
46	81
46	83
46	90
46	91
46	92
46	93
46	94
46	99
47	48
47	49
47	50
47	54
47	55
47	59
47	60
47	63
47	65
47	66
47	67
47	76
47	82
47	83
47	86
47	87
47	92
47	94
47	96
47	99
48	51
48	53
48	54
48	56
48	57
48	58
48	60
48	64
48	76
48	78
48	85
48	87
48	88
48	89
48	92
48	96
49	50
49	52
49	54
49	58
49	61
49	62
49	64
49	72
49	75
49	78
49	79
49	80
49	84
49	93
49	94
49	97
49	98
50	51
50	54
50	55
50	56
50	58
50	59
50	61
50	65
50	71
50	77
50	81
50	84
50	85
50	92
50	94
50	96
50	99
51	54
51	55
51	56
51	58
51	59
51	60
51	62
51	63
51	65
51	66
51	68
51	70
51	76
51	77
51	79
51	82
51	87
51	98
51	99
52	53
52	56
52	59
52	60
52	62
52	65
52	66
52	69
52	81
52	82
52	84
52	98
52	99
53	55
53	57
53	61
53	64
53	65
53	66
53	70
53	72
53	76
53	77
53	78
53	83
53	84
53	86
53	88
53	89
53	97
54	55
54	56
54	57
54	58
54	61
54	62
54	63
54	66
54	72
54	73
54	74
54	75
54	77
54	78
54	79
54	81
54	83
54	87
54	88
55	56
55	58
55	61
55	62
55	63
55	70
55	71
55	72
55	74
55	80
55	85
55	86
55	88
55	90
55	94
55	96
56	57
56	58
56	61
56	67
56	68
56	70
56	81
56	83
56	84
56	85
56	88
56	90
56	91
56	92
56	95
56	96
56	97
57	58
57	59
57	62
57	63
57	66
57	71
57	72
57	74
57	75
57	76
57	78
57	81
57	82
57	86
57	90
57	91
57	95
57	96
57	99
58	60
58	62
58	67
58	68
58	73
58	75
58	76
58	77
58	78
58	82
58	83
58	84
58	85
58	87
58	88
58	89
58	91
58	93
58	96
58	98
58	99
59	60
59	71
59	73
59	77
59	85
59	87
59	89
59	90
59	92
59	93
59	96
59	98
60	63
60	71
60	73
60	78
60	79
60	87
60	90
60	91
60	92
60	99
61	62
61	63
61	65
61	67
61	69
61	70
61	72
61	79
61	80
61	86
61	88
61	91
61	94
61	95
61	97
61	98
61	99
62	65
62	66
62	68
62	74
62	78
62	80
62	81
62	84
62	89
62	90
62	92
62	95
62	97
62	98
63	65
63	67
63	71
63	72
63	74
63	76
63	78
63	80
63	82
63	83
63	92
63	96
64	80
64	81
64	85
64	88
64	95
64	96
65	73
65	79
65	81
65	82
65	84
65	85
65	86
65	88
65	89
65	97
66	67
66	68
66	70
66	71
66	73
66	81
66	82
66	85
66	88
66	89
66	92
66	93
66	94
66	95
66	96
66	97
66	99
67	70
67	73
67	74
67	77
67	88
67	95
67	97
67	98
68	74
68	79
68	80
68	81
68	82
68	85
68	94
68	95
68	96
68	97
69	70
69	71
69	73
69	74
69	75
69	76
69	80
69	84
69	85
69	87
69	90
69	92
69	97
70	72
70	73
70	74
70	75
70	76
70	77
70	79
70	81
70	85
70	95
70	96
71	74
71	77
71	79
71	81
71	84
71	87
71	88
71	89
71	92
71	93
71	96
71	97
71	98
72	73
72	75
72	80
72	82
72	86
72	89
72	93
72	97
73	74
73	76
73	77
73	80
73	81
73	83
73	84
73	87
73	90
73	91
73	92
73	93
73	95
73	97
74	77
74	78
74	82
74	90
74	93
74	96
74	98
75	79
75	86
75	87
75	88
75	98
76	81
76	83
76	84
76	85
76	86
76	87
76	89
76	97
77	79
77	80
77	83
77	84
77	86
77	87
77	90
77	98
78	81
78	82
78	83
78	84
78	87
78	93
78	99
79	83
79	86
79	88
79	92
79	97
79	98
80	84
80	86
80	87
80	89
80	90
80	94
80	97
80	98
81	83
81	85
81	87
81	93
81	94
81	95
81	96
82	84
82	86
82	88
82	89
82	91
82	92
82	97
83	84
83	86
83	88
83	91
83	92
83	93
83	95
83	97
83	98
83	99
84	88
84	90
84	91
84	93
84	97
85	89
85	90
85	91
85	94
85	95
85	97
85	99
86	88
86	92
86	97
86	98
86	99
87	93
87	94
87	96
87	97
87	98
88	90
88	92
88	93
88	95
88	97
89	90
89	92
89	94
89	98
90	91
90	93
90	96
90	98
90	99
91	92
91	94
91	96
91	99
92	98
92	99
93	94
93	95
93	98
94	95
94	98
95	98
95	99
96	98
96	99
97	99
