0	1
0	2
0	5
0	6
0	10
0	13
0	15
0	32
0	33
0	38
0	40
0	41
0	42
0	43
0	44
0	45
0	50
0	52
0	55
0	56
0	58
0	61
0	62
0	65
0	67
0	70
0	75
0	79
0	82
0	87
0	90
0	91
0	93
0	94
0	96
0	98
1	4
1	6
1	8
1	11
1	12
1	19
1	21
1	23
1	24
1	27
1	29
1	31
1	33
1	37
1	41
1	45
1	48
1	49
1	51
1	53
1	56
1	62
1	63
1	73
1	76
1	79
1	81
1	82
1	88
1	89
1	90
1	91
1	92
1	95
2	7
2	10
2	15
2	16
2	20
2	28
2	30
2	33
2	38
2	47
2	49
2	54
2	55
2	57
2	58
2	59
2	60
2	63
2	66
2	67
2	71
2	72
2	73
2	76
2	81
2	82
2	83
2	88
2	94
2	97
2	99
3	9
3	11
3	12
3	14
3	16
3	17
3	19
3	22
3	23
3	25
3	28
3	31
3	32
3	33
3	34
3	35
3	36
3	38
3	41
3	42
3	44
3	45
3	47
3	51
3	55
3	56
3	58
3	62
3	78
3	80
3	81
3	83
3	84
3	85
3	87
3	90
3	92
3	94
3	98
3	99
4	6
4	8
4	13
4	17
4	18
4	19
4	26
4	31
4	32
4	33
4	36
4	37
4	38
4	47
4	48
4	51
4	52
4	54
4	55
4	56
4	59
4	65
4	68
4	69
4	70
4	76
4	77
4	79
4	81
4	84
4	85
4	86
4	88
4	90
4	92
5	8
5	19
5	21
5	22
5	23
5	24
5	28
5	29
5	31
5	36
5	38
5	40
5	41
5	43
5	46
5	47
5	49
5	51
5	53
5	54
5	57
5	60
5	65
5	75
5	76
5	77
5	78
5	82
5	84
5	86
5	92
5	95
5	97
5	99
6	7
6	8
6	12
6	13
6	17
6	18
6	19
6	26
6	29
6	35
6	38
6	41
6	42
6	44
6	45
6	47
6	52
6	56
6	60
6	62
6	66
6	67
6	70
6	74
6	75
6	80
6	81
6	83
6	89
6	90
6	91
6	92
6	96
6	97
6	99
7	8
7	11
7	20
7	28
7	31
7	36
7	38
7	39
7	40
7	41
7	47
7	48
7	52
7	53
7	54
7	60
7	61
7	62
7	65
7	70
7	71
7	72
7	73
7	75
7	77
7	78
7	79
7	82
7	84
7	87
7	91
8	9
8	11
8	12
8	22
8	23
8	25
8	26
8	30
8	35
8	38
8	43
8	47
8	51
8	53
8	54
8	55
8	57
8	58
8	59
8	60
8	66
8	70
8	72
8	74
8	80
8	83
8	85
8	86
8	88
8	91
8	94
8	95
8	96
8	98
9	12
9	15
9	16
9	18
9	19
9	21
9	23
9	29
9	30
9	33
9	36
9	37
9	38
9	43
9	44
9	47
9	49
9	50
9	57
9	58
9	62
9	68
9	71
9	74
9	83
9	85
9	87
9	89
9	91
9	95
9	99
10	13
10	16
10	21
10	22
10	30
10	31
10	33
10	38
10	39
10	40
10	42
10	46
10	47
10	50
10	52
10	58
10	60
10	65
10	66
10	67
10	69
10	71
10	73
10	74
10	77
10	79
10	82
10	84
10	85
10	88
10	89
10	92
10	93
10	99
11	15
11	16
11	17
11	18
11	22
11	23
11	25
11	30
11	31
11	36
11	37
11	40
11	43
11	53
11	59
11	60
11	62
11	75
11	76
11	79
11	80
11	82
11	83
11	84
11	85
11	87
11	89
11	92
11	94
11	95
11	97
12	17
12	22
12	27
12	30
12	32
12	33
12	35
12	36
12	39
12	40
12	43
12	44
12	47
12	50
12	51
12	52
12	53
12	54
12	55
12	56
12	59
12	62
12	63
12	64
12	66
12	76
12	79
12	80
12	84
12	87
12	88
12	90
12	92
12	94
12	97
13	18
13	19
13	20
13	24
13	25
13	26
13	27
13	31
13	32
13	34
13	38
13	39
13	52
13	55
13	57
13	58
13	62
13	64
13	69
13	70
13	71
13	79
13	80
13	89
13	90
13	94
13	95
13	97
14	15
14	19
14	22
14	27
14	28
14	30
14	31
14	32
14	34
14	46
14	54
14	55
14	56
14	57
14	58
14	60
14	62
14	63
14	66
14	70
14	71
14	79
14	89
14	93
14	96
14	97
14	98
14	99
15	19
15	23
15	26
15	32
15	33
15	36
15	39
15	40
15	42
15	45
15	46
15	47
15	48
15	49
15	50
15	53
15	55
15	57
15	61
15	65
15	66
15	69
15	70
15	71
15	72
15	75
15	76
15	78
15	81
15	84
15	90
16	17
16	21
16	29
16	33
16	35
16	37
16	38
16	39
16	40
16	43
16	44
16	47
16	48
16	52
16	53
16	57
16	68
16	71
16	73
16	75
16	76
16	82
16	83
16	84
16	85
16	88
16	89
16	92
16	94
16	95
17	18
17	20
17	23
17	25
17	27
17	29
17	31
17	33
17	36
17	37
17	40
17	41
17	44
17	45
17	48
17	50
17	52
17	53
17	54
17	58
17	61
17	65
17	66
17	69
17	70
17	72
17	77
17	81
17	82
17	91
17	93
17	99
18	19
18	21
18	23
18	26
18	27
18	28
18	31
18	36
18	37
18	38
18	41
18	42
18	43
18	44
18	47
18	48
18	61
18	62
18	63
18	65
18	66
18	69
18	74
18	75
18	78
18	79
18	80
18	81
18	82
18	83
18	84
18	85
18	86
18	87
18	88
18	92
18	96
19	22
19	23
19	28
19	32
19	33
19	38
19	39
19	42
19	48
19	49
19	53
19	56
19	58
19	60
19	61
19	70
19	72
19	75
19	77
19	80
19	84
19	86
19	87
19	89
19	93
19	96
19	97
19	98
19	99
20	22
20	25
20	29
20	34
20	36
20	37
20	43
20	44
20	45
20	50
20	53
20	55
20	57
20	59
20	62
20	65
20	69
20	75
20	76
20	80
20	83
20	85
20	87
20	92
20	93
20	94
20	95
20	96
20	97
20	98
21	24
21	25
21	28
21	30
21	31
21	34
21	35
21	36
21	38
21	40
21	45
21	46
21	47
21	53
21	55
21	57
21	58
21	59
21	68
21	71
21	72
21	73
21	74
21	77
21	78
21	79
21	81
21	89
21	95
22	25
22	27
22	30
22	31
22	33
22	36
22	38
22	40
22	55
22	56
22	57
22	58
22	61
22	62
22	66
22	68
22	74
22	76
22	77
22	80
22	81
22	82
22	83
22	87
22	88
22	92
22	93
22	94
22	95
22	96
22	97
22	98
23	26
23	28
23	31
23	32
23	38
23	39
23	42
23	43
23	45
23	46
23	52
23	54
23	56
23	62
23	63
23	65
23	68
23	73
23	75
23	77
23	78
23	81
23	82
23	86
23	88
23	91
23	92
23	95
23	96
23	98
24	27
24	29
24	30
24	33
24	37
24	41
24	42
24	44
24	45
24	46
24	48
24	49
24	52
24	54
24	60
24	63
24	67
24	68
24	69
24	71
24	72
24	76
24	78
24	79
24	80
24	81
24	82
24	83
24	84
24	85
24	86
24	92
24	93
24	98
25	26
25	28
25	33
25	35
25	38
25	39
25	43
25	44
25	49
25	50
25	53
25	54
25	56
25	60
25	62
25	64
25	65
25	68
25	70
25	72
25	75
25	79
25	80
25	82
25	87
25	88
25	89
25	92
25	93
25	94
25	95
25	97
26	27
26	33
26	36
26	38
26	40
26	45
26	48
26	57
26	63
26	72
26	73
26	74
26	77
26	79
26	80
26	84
26	85
26	87
26	90
26	91
26	95
26	97
27	33
27	34
27	40
27	42
27	46
27	49
27	50
27	51
27	54
27	55
27	57
27	59
27	60
27	61
27	64
27	65
27	66
27	69
27	70
27	72
27	73
27	74
27	76
27	77
27	78
27	79
27	80
27	82
27	83
27	84
27	88
27	94
27	95
27	98
28	32
28	34
28	36
28	38
28	40
28	41
28	42
28	43
28	47
28	49
28	50
28	51
28	53
28	54
28	55
28	57
28	61
28	63
28	68
28	69
28	70
28	75
28	78
28	86
28	89
28	90
28	94
28	96
28	98
28	99
29	30
29	31
29	34
29	35
29	37
29	38
29	41
29	44
29	46
29	49
29	50
29	54
29	55
29	56
29	57
29	58
29	60
29	67
29	69
29	71
29	74
29	77
29	80
29	81
29	87
29	88
29	96
29	97
30	31
30	37
30	38
30	41
30	47
30	48
30	50
30	51
30	52
30	53
30	56
30	57
30	63
30	66
30	69
30	71
30	72
30	76
30	78
30	80
30	83
30	84
30	85
30	92
30	95
30	96
30	98
31	36
31	37
31	40
31	43
31	46
31	48
31	49
31	51
31	52
31	59
31	60
31	64
31	66
31	67
31	70
31	73
31	76
31	79
31	80
31	82
31	83
31	88
31	89
31	90
31	91
31	94
31	96
31	97
32	33
32	34
32	37
32	39
32	40
32	42
32	44
32	45
32	46
32	48
32	49
32	50
32	53
32	54
32	57
32	59
32	60
32	63
32	65
32	69
32	73
32	74
32	76
32	79
32	80
32	82
32	83
32	91
32	92
32	98
32	99
33	34
33	37
33	40
33	41
33	43
33	44
33	50
33	61
33	62
33	63
33	68
33	73
33	75
33	77
33	81
33	82
33	83
33	86
33	89
33	91
33	92
33	99
34	36
34	38
34	39
34	42
34	44
34	45
34	46
34	47
34	50
34	51
34	54
34	56
34	63
34	66
34	67
34	68
34	71
34	73
34	75
34	77
34	80
34	81
34	87
34	89
34	90
34	92
34	94
34	95
35	38
35	40
35	41
35	48
35	50
35	51
35	52
35	53
35	54
35	55
35	58
35	59
35	63
35	64
35	65
35	67
35	69
35	74
35	75
35	79
35	83
35	91
35	93
35	94
35	96
35	97
35	99
36	38
36	39
36	43
36	45
36	47
36	49
36	51
36	55
36	56
36	65
36	67
36	71
36	74
36	80
36	88
36	89
36	90
36	91
36	94
36	96
36	97
37	40
37	41
37	46
37	48
37	52
37	54
37	58
37	60
37	61
37	63
37	65
37	69
37	73
37	76
37	81
37	83
37	86
37	87
37	88
37	91
37	92
37	94
37	95
37	96
38	39
38	40
38	42
38	44
38	45
38	47
38	48
38	50
38	55
38	60
38	61
38	63
38	66
38	70
38	71
38	73
38	79
38	84
38	85
38	89
38	92
38	93
38	96
38	97
38	98
38	99
39	45
39	49
39	50
39	53
39	54
39	58
39	59
39	61
39	64
39	66
39	68
39	71
39	74
39	75
39	76
39	78
39	80
39	82
39	83
39	85
39	88
39	89
39	92
39	94
40	44
40	48
40	52
40	53
40	54
40	59
40	62
40	65
40	67
40	68
40	71
40	72
40	74
40	76
40	77
40	81
40	83
40	84
40	85
40	95
40	96
40	97
41	42
41	43
41	46
41	47
41	48
41	50
41	54
41	55
41	61
41	63
41	65
41	79
41	82
41	87
41	89
41	94
41	98
41	99
42	45
42	49
42	55
42	56
42	59
42	60
42	70
42	73
42	74
42	79
42	83
42	84
42	85
42	86
42	91
42	92
42	95
42	96
42	97
42	98
42	99
43	44
43	45
43	54
43	55
43	57
43	58
43	59
43	63
43	66
43	67
43	71
43	72
43	73
43	75
43	79
43	81
43	84
43	90
43	92
43	95
43	96
43	97
43	99
44	49
44	51
44	52
44	53
44	54
44	57
44	59
44	61
44	63
44	66
44	67
44	68
44	73
44	76
44	77
44	78
44	85
44	86
44	87
44	93
44	95
44	97
45	46
45	47
45	49
45	52
45	56
45	61
45	66
45	69
45	70
45	71
45	72
45	76
45	77
45	83
45	86
45	87
45	88
45	90
45	93
45	95
46	49
46	51
46	55
46	57
46	58
46	66
46	68
46	70
46	73
46	75
46	83
46	84
46	85
46	90
46	94
46	97
46	98
47	48
47	50
47	51
47	55
47	57
47	60
47	61
47	63
47	67
47	68
47	70
47	71
47	76
47	79
47	80
47	81
47	82
47	85
47	87
47	88
47	95
47	99
48	51
48	55
48	60
48	62
48	70
48	71
48	73
48	76
48	78
48	81
48	82
48	90
48	92
48	93
48	96
49	52
49	58
49	60
49	62
49	66
49	69
49	76
49	80
49	81
49	82
49	87
49	90
49	93
49	96
49	97
49	98
49	99
50	53
50	56
50	61
50	63
50	64
50	65
50	68
50	74
50	76
50	78
50	80
50	81
50	82
50	83
50	84
50	86
50	87
50	91
50	92
50	94
50	95
50	99
51	54
51	59
51	61
51	63
51	64
51	69
51	77
51	79
51	80
51	81
51	83
51	85
51	87
51	89
51	93
51	95
51	98
52	57
52	58
52	65
52	67
52	73
52	75
52	76
52	79
52	82
52	83
52	84
52	87
52	90
52	93
52	96
52	98
53	57
53	59
53	66
53	70
53	72
53	80
53	85
53	87
53	88
53	90
53	93
53	96
53	99
54	55
54	58
54	63
54	64
54	65
54	66
54	70
54	73
54	86
54	92
54	93
54	96
54	97
54	98
54	99
55	58
55	59
55	60
55	61
55	62
55	68
55	69
55	71
55	79
55	83
55	87
55	89
55	93
55	95
55	97
55	99
56	58
56	60
56	61
56	63
56	67
56	68
56	71
56	72
56	73
56	74
56	75
56	78
56	79
56	81
56	82
56	85
56	86
56	89
56	92
56	98
56	99
57	58
57	59
57	62
57	63
57	64
57	66
57	68
57	69
57	72
57	74
57	77
57	84
57	88
57	90
57	95
57	96
58	59
58	61
58	62
58	66
58	70
58	71
58	72
58	73
58	77
58	82
58	85
58	86
58	87
58	89
58	90
58	93
58	98
58	99
59	66
59	68
59	72
59	73
59	75
59	77
59	80
59	81
59	83
59	85
59	90
59	92
59	95
59	96
59	97
60	62
60	65
60	68
60	71
60	74
60	75
60	78
60	79
60	80
60	82
60	83
60	86
60	88
60	90
60	91
60	92
60	98
60	99
61	71
61	73
61	75
61	76
61	78
61	80
61	81
61	83
61	84
61	85
61	87
61	90
61	92
61	93
61	94
61	99
62	63
62	65
62	66
62	67
62	69
62	70
62	71
62	79
62	82
62	83
62	85
62	86
62	94
62	95
62	96
62	97
62	99
63	66
63	68
63	70
63	74
63	78
63	80
63	81
63	83
63	84
63	85
63	87
63	88
63	89
63	93
63	95
64	66
64	67
64	68
64	74
64	79
64	81
64	82
64	83
64	84
64	89
64	96
64	97
65	68
65	71
65	74
65	76
65	77
65	78
65	80
65	81
65	83
65	85
65	87
65	88
65	89
65	91
65	92
65	98
66	67
66	71
66	74
66	75
66	86
66	92
66	93
66	95
66	96
66	97
67	69
67	70
67	71
67	73
67	77
67	84
67	89
67	90
67	94
67	96
67	97
67	99
68	76
68	77
68	79
68	84
68	87
68	91
68	92
68	94
68	99
69	74
69	84
69	89
69	90
69	91
69	92
69	96
69	98
70	77
70	78
70	85
70	86
70	88
70	90
70	92
70	93
70	95
70	98
70	99
71	85
71	86
71	91
71	93
71	97
72	76
72	77
72	80
72	81
72	83
72	85
72	90
72	93
72	95
72	99
73	74
73	77
73	81
73	82
73	86
73	87
73	92
73	96
73	97
73	98
74	77
74	84
74	85
74	87
74	88
74	90
74	91
74	93
74	94
74	95
74	98
75	77
75	78
75	79
75	80
75	87
75	93
75	94
75	95
75	96
75	99
76	77
76	80
76	82
76	86
76	87
76	89
76	93
76	95
76	98
77	78
77	80
77	83
77	84
77	86
77	87
77	98
78	80
78	82
78	86
78	91
78	92
78	96
78	97
78	98
79	80
79	87
79	88
79	91
79	94
79	95
80	81
80	84
80	85
80	86
80	87
80	92
80	94
81	83
81	88
81	92
81	93
82	92
82	95
82	97
82	98
83	86
83	87
83	89
83	98
84	85
84	87
84	88
84	91
84	94
84	96
84	97
84	98
85	88
85	91
85	96
85	97
85	98
86	88
86	89
86	90
86	91
86	92
86	93
86	95
86	97
86	99
87	95
87	97
88	90
88	91
88	92
88	94
88	97
89	91
89	98
89	99
90	91
90	97
90	99
91	92
91	93
91	96
93	96
93	97
93	99
94	95
94	96
94	98
95	98
96	99
