0	1
0	2
0	10
0	11
0	12
0	13
0	14
0	15
0	16
0	21
0	23
0	26
0	34
0	38
0	40
0	44
0	45
0	47
0	50
0	51
0	54
0	57
0	61
0	62
0	69
0	73
0	74
0	77
0	80
0	81
0	85
0	95
0	96
1	3
1	4
1	5
1	6
1	7
1	8
1	10
1	14
1	15
1	18
1	27
1	32
1	35
1	37
1	38
1	39
1	40
1	45
1	46
1	51
1	53
1	55
1	57
1	58
1	59
1	64
1	67
1	70
1	76
1	77
1	79
1	88
1	89
1	92
1	95
1	98
2	3
2	10
2	12
2	13
2	17
2	18
2	19
2	22
2	27
2	31
2	32
2	36
2	38
2	39
2	41
2	43
2	49
2	53
2	58
2	63
2	66
2	68
2	70
2	71
2	72
2	73
2	74
2	75
2	79
2	80
2	82
2	84
2	85
2	88
2	92
2	93
2	99
3	4
3	7
3	10
3	11
3	12
3	14
3	15
3	19
3	24
3	25
3	26
3	28
3	29
3	31
3	32
3	33
3	37
3	39
3	42
3	43
3	44
3	45
3	53
3	54
3	55
3	56
3	60
3	62
3	65
3	67
3	71
3	72
3	73
3	75
3	79
3	84
3	85
3	87
3	95
3	96
4	6
4	7
4	9
4	11
4	12
4	14
4	15
4	26
4	29
4	30
4	33
4	36
4	38
4	39
4	45
4	54
4	55
4	56
4	57
4	60
4	62
4	64
4	69
4	73
4	79
4	80
4	85
4	90
4	92
4	94
4	95
5	7
5	14
5	15
5	17
5	22
5	23
5	26
5	28
5	33
5	36
5	39
5	40
5	41
5	42
5	44
5	46
5	47
5	48
5	51
5	54
5	62
5	63
5	65
5	68
5	70
5	71
5	76
5	80
5	82
5	85
5	86
5	87
5	89
5	90
5	91
5	97
5	98
5	99
6	8
6	10
6	11
6	12
6	14
6	15
6	19
6	20
6	21
6	22
6	24
6	30
6	31
6	34
6	35
6	36
6	37
6	38
6	39
6	43
6	47
6	50
6	51
6	57
6	58
6	66
6	71
6	72
6	80
6	84
6	85
6	86
6	87
6	94
6	99
7	8
7	11
7	13
7	15
7	16
7	18
7	19
7	20
7	22
7	23
7	24
7	28
7	32
7	33
7	36
7	39
7	43
7	47
7	53
7	57
7	58
7	59
7	60
7	62
7	63
7	65
7	66
7	68
7	70
7	74
7	78
7	80
7	83
7	86
7	88
7	90
7	92
7	97
8	9
8	10
8	11
8	14
8	16
8	20
8	22
8	23
8	25
8	27
8	30
8	35
8	39
8	47
8	55
8	57
8	58
8	59
8	62
8	63
8	66
8	68
8	70
8	74
8	76
8	79
8	81
8	82
8	83
8	87
8	95
8	96
8	98
8	99
9	11
9	12
9	13
9	20
9	28
9	33
9	35
9	38
9	39
9	40
9	41
9	42
9	44
9	46
9	47
9	48
9	50
9	54
9	58
9	62
9	63
9	66
9	68
9	69
9	73
9	74
9	75
9	77
9	78
9	79
9	82
9	83
9	85
9	87
9	88
9	91
9	99
10	12
10	17
10	18
10	20
10	21
10	22
10	26
10	29
10	31
10	33
10	34
10	35
10	36
10	37
10	39
10	40
10	46
10	49
10	58
10	64
10	70
10	71
10	72
10	76
10	77
10	78
10	79
10	81
10	83
10	85
10	87
10	93
10	98
10	99
11	12
11	13
11	20
11	23
11	26
11	27
11	30
11	37
11	38
11	41
11	44
11	55
11	57
11	60
11	64
11	66
11	67
11	69
11	71
11	74
11	76
11	77
11	80
11	86
11	88
11	90
11	92
11	97
11	99
12	15
12	17
12	18
12	19
12	20
12	23
12	25
12	27
12	29
12	33
12	36
12	38
12	42
12	44
12	47
12	48
12	52
12	54
12	63
12	65
12	68
12	70
12	74
12	75
12	76
12	81
12	83
12	84
12	86
12	92
12	95
12	97
12	99
13	18
13	19
13	22
13	25
13	31
13	32
13	34
13	40
13	42
13	44
13	45
13	46
13	51
13	53
13	54
13	57
13	60
13	70
13	71
13	72
13	74
13	79
13	89
13	92
13	97
14	15
14	17
14	21
14	24
14	25
14	28
14	30
14	34
14	35
14	45
14	49
14	50
14	53
14	54
14	56
14	58
14	60
14	61
14	71
14	74
14	77
14	81
14	82
14	83
14	86
14	98
14	99
15	17
15	20
15	23
15	28
15	37
15	38
15	39
15	41
15	43
15	46
15	49
15	52
15	53
15	61
15	69
15	71
15	72
15	73
15	76
15	80
15	81
15	83
15	84
15	85
15	86
15	92
15	93
15	94
15	96
15	99
16	22
16	24
16	28
16	29
16	32
16	33
16	36
16	39
16	42
16	46
16	48
16	50
16	51
16	53
16	58
16	59
16	60
16	61
16	66
16	69
16	70
16	74
16	77
16	79
16	80
16	83
16	84
16	85
16	88
16	89
16	91
16	93
16	94
16	98
17	20
17	22
17	25
17	30
17	31
17	33
17	36
17	38
17	39
17	40
17	42
17	43
17	49
17	50
17	52
17	54
17	55
17	58
17	64
17	66
17	67
17	73
17	78
17	79
17	80
17	81
17	84
17	86
17	87
17	88
17	93
17	96
17	98
17	99
18	19
18	20
18	21
18	23
18	26
18	30
18	34
18	40
18	43
18	44
18	45
18	53
18	57
18	60
18	63
18	64
18	66
18	68
18	70
18	77
18	84
18	85
18	88
18	89
18	90
18	91
18	94
18	96
18	97
18	98
18	99
19	20
19	22
19	23
19	25
19	26
19	30
19	31
19	32
19	37
19	38
19	40
19	42
19	44
19	45
19	47
19	52
19	53
19	55
19	56
19	58
19	66
19	69
19	73
19	76
19	77
19	78
19	79
19	81
19	82
19	86
19	88
19	90
19	91
19	95
19	97
19	99
20	21
20	22
20	25
20	27
20	28
20	31
20	35
20	36
20	38
20	43
20	45
20	48
20	50
20	53
20	56
20	60
20	61
20	63
20	65
20	71
20	73
20	77
20	81
20	82
20	84
20	86
20	88
20	90
20	92
20	96
20	97
20	98
21	22
21	26
21	29
21	32
21	33
21	36
21	39
21	42
21	43
21	44
21	51
21	54
21	57
21	59
21	60
21	61
21	62
21	65
21	69
21	71
21	72
21	73
21	76
21	82
21	84
21	85
21	93
21	95
21	97
21	98
21	99
22	25
22	27
22	28
22	29
22	31
22	37
22	41
22	42
22	43
22	45
22	47
22	53
22	54
22	56
22	57
22	59
22	62
22	65
22	68
22	69
22	71
22	72
22	74
22	80
22	81
22	82
22	98
23	28
23	31
23	35
23	36
23	37
23	40
23	43
23	46
23	50
23	52
23	53
23	56
23	57
23	60
23	62
23	65
23	70
23	71
23	72
23	79
23	80
23	82
23	84
23	86
23	90
23	91
23	94
23	98
24	25
24	26
24	27
24	29
24	31
24	33
24	35
24	41
24	44
24	45
24	49
24	51
24	53
24	54
24	55
24	57
24	58
24	60
24	61
24	62
24	64
24	66
24	68
24	69
24	71
24	73
24	74
24	75
24	79
24	80
24	82
24	90
24	92
24	93
24	99
25	26
25	33
25	35
25	36
25	40
25	46
25	48
25	49
25	52
25	56
25	58
25	60
25	68
25	72
25	73
25	75
25	76
25	77
25	78
25	84
25	85
25	87
25	91
25	93
25	94
25	95
25	96
26	27
26	29
26	44
26	46
26	47
26	49
26	50
26	51
26	56
26	64
26	65
26	66
26	69
26	73
26	75
26	76
26	81
26	87
26	90
26	95
26	98
27	29
27	30
27	32
27	33
27	36
27	40
27	42
27	43
27	44
27	46
27	47
27	48
27	54
27	55
27	56
27	57
27	63
27	65
27	66
27	68
27	73
27	78
27	83
27	85
27	87
27	88
27	89
27	91
27	92
27	93
27	95
27	97
28	34
28	35
28	36
28	37
28	38
28	41
28	43
28	44
28	46
28	50
28	57
28	61
28	62
28	63
28	65
28	67
28	74
28	75
28	78
28	80
28	81
28	86
28	89
28	90
28	95
28	97
28	98
29	30
29	32
29	33
29	34
29	38
29	44
29	47
29	51
29	52
29	55
29	56
29	57
29	58
29	60
29	61
29	66
29	67
29	71
29	72
29	75
29	76
29	80
29	82
29	85
29	90
29	93
29	95
29	96
29	98
30	31
30	33
30	34
30	38
30	39
30	40
30	43
30	44
30	48
30	49
30	56
30	57
30	63
30	64
30	66
30	71
30	75
30	77
30	81
30	82
30	83
30	84
30	87
30	88
30	89
30	90
30	93
30	94
31	32
31	33
31	34
31	35
31	36
31	38
31	43
31	45
31	47
31	48
31	50
31	52
31	54
31	57
31	59
31	60
31	62
31	66
31	70
31	71
31	72
31	73
31	76
31	77
31	80
31	83
31	85
31	88
31	90
31	91
32	33
32	35
32	37
32	49
32	50
32	51
32	54
32	55
32	56
32	58
32	63
32	64
32	68
32	69
32	71
32	73
32	76
32	79
32	82
32	88
32	89
32	90
32	91
32	96
32	97
33	34
33	36
33	38
33	39
33	40
33	41
33	44
33	47
33	51
33	55
33	56
33	58
33	61
33	63
33	64
33	74
33	77
33	81
33	82
33	84
33	88
33	92
34	35
34	37
34	38
34	40
34	41
34	44
34	46
34	48
34	49
34	51
34	53
34	55
34	58
34	61
34	62
34	65
34	66
34	69
34	73
34	74
34	77
34	78
34	81
34	82
34	85
34	91
34	96
34	99
35	38
35	39
35	40
35	41
35	42
35	48
35	50
35	53
35	54
35	56
35	58
35	60
35	61
35	62
35	63
35	65
35	68
35	72
35	74
35	86
35	88
35	90
35	94
35	95
36	37
36	45
36	47
36	50
36	55
36	58
36	60
36	63
36	65
36	67
36	68
36	69
36	71
36	73
36	74
36	75
36	77
36	78
36	83
36	84
36	85
36	92
36	93
36	94
36	97
36	98
37	38
37	42
37	44
37	49
37	53
37	56
37	57
37	58
37	59
37	61
37	63
37	65
37	66
37	68
37	75
37	80
37	81
37	85
37	86
37	88
37	89
37	90
37	91
37	92
37	94
38	39
38	40
38	44
38	46
38	49
38	50
38	59
38	60
38	61
38	62
38	63
38	66
38	70
38	72
38	73
38	77
38	78
38	79
38	80
38	81
38	84
38	86
38	93
38	95
38	96
39	43
39	45
39	46
39	48
39	49
39	60
39	63
39	67
39	70
39	71
39	75
39	78
39	79
39	80
39	81
39	84
39	85
39	88
39	90
39	96
39	97
39	98
40	43
40	48
40	51
40	54
40	56
40	59
40	61
40	62
40	65
40	67
40	68
40	70
40	74
40	76
40	78
40	80
40	86
40	89
40	92
40	93
40	94
40	95
40	99
41	44
41	50
41	54
41	56
41	57
41	63
41	65
41	71
41	74
41	75
41	76
41	77
41	79
41	81
41	86
41	87
41	89
41	98
42	43
42	45
42	46
42	48
42	49
42	50
42	59
42	61
42	62
42	65
42	66
42	67
42	72
42	74
42	80
42	82
42	83
42	86
42	87
42	90
42	93
42	95
42	98
43	44
43	46
43	47
43	48
43	53
43	55
43	57
43	62
43	69
43	74
43	75
43	77
43	78
43	79
43	83
43	84
43	86
43	87
43	88
43	90
43	91
43	92
43	94
43	95
44	45
44	47
44	53
44	55
44	57
44	58
44	62
44	67
44	75
44	79
44	80
44	81
44	82
44	85
44	87
44	88
44	91
44	95
44	96
44	99
45	47
45	54
45	55
45	59
45	60
45	62
45	63
45	65
45	70
45	75
45	76
45	82
45	83
45	84
45	85
45	87
45	88
45	91
45	92
45	94
45	96
46	47
46	49
46	58
46	61
46	64
46	69
46	72
46	74
46	75
46	77
46	79
46	80
46	84
46	87
46	89
46	91
46	93
46	98
47	50
47	53
47	55
47	57
47	61
47	62
47	66
47	68
47	70
47	71
47	74
47	76
47	81
47	83
47	86
47	87
47	88
47	89
47	93
47	95
47	96
48	49
48	51
48	54
48	58
48	60
48	67
48	70
48	74
48	76
48	87
48	90
48	92
48	93
48	94
48	96
48	97
49	50
49	54
49	56
49	60
49	61
49	67
49	68
49	71
49	72
49	74
49	77
49	80
49	82
49	83
49	87
49	88
49	91
49	92
49	96
49	98
49	99
50	51
50	55
50	58
50	62
50	70
50	71
50	72
50	75
50	77
50	78
50	80
50	81
50	83
50	85
50	87
50	90
50	93
50	96
50	97
50	98
50	99
51	53
51	56
51	58
51	59
51	60
51	61
51	63
51	65
51	67
51	68
51	69
51	72
51	73
51	74
51	79
51	81
51	83
51	85
51	88
51	99
52	53
52	55
52	56
52	58
52	59
52	67
52	73
52	74
52	76
52	77
52	78
52	79
52	82
52	87
52	88
52	89
52	90
52	91
52	92
52	93
52	95
52	97
52	99
53	54
53	58
53	60
53	68
53	71
53	76
53	82
53	87
53	89
53	90
53	94
53	97
53	98
53	99
54	58
54	59
54	60
54	61
54	62
54	66
54	70
54	73
54	74
54	76
54	77
54	79
54	84
54	88
54	92
54	95
54	96
55	56
55	58
55	67
55	69
55	70
55	74
55	76
55	80
55	82
55	83
55	85
55	86
55	92
55	96
55	97
55	98
55	99
56	57
56	59
56	61
56	66
56	68
56	71
56	73
56	75
56	76
56	77
56	78
56	84
56	86
56	89
56	92
56	95
57	58
57	60
57	61
57	64
57	67
57	68
57	73
57	74
57	75
57	76
57	80
57	81
57	85
57	86
57	90
57	91
57	93
57	94
57	96
57	97
58	60
58	61
58	62
58	64
58	66
58	67
58	71
58	72
58	73
58	78
58	79
58	82
58	90
58	94
58	95
59	63
59	70
59	71
59	72
59	75
59	79
59	80
59	81
59	82
59	85
59	86
59	90
59	92
59	94
59	95
59	96
59	98
60	67
60	72
60	73
60	77
60	83
60	85
60	86
60	87
60	89
60	90
60	91
60	94
60	95
60	96
60	97
60	98
61	63
61	65
61	66
61	67
61	69
61	71
61	75
61	81
61	82
61	84
61	85
61	92
61	99
62	66
62	68
62	70
62	71
62	74
62	78
62	80
62	82
62	86
62	89
62	91
62	92
62	93
62	94
63	64
63	65
63	66
63	67
63	72
63	74
63	76
63	83
63	86
63	88
63	96
63	97
63	99
64	70
64	72
64	73
64	79
64	82
64	94
64	96
64	97
64	99
65	68
65	70
65	74
65	75
65	78
65	84
65	85
65	86
65	87
65	90
65	92
65	95
65	96
65	97
65	99
66	67
66	71
66	72
66	74
66	77
66	79
66	85
66	86
66	91
66	92
66	93
66	96
66	99
67	72
67	75
67	77
67	79
67	83
67	84
67	86
67	88
67	89
67	95
67	96
67	99
68	69
68	70
68	71
68	75
68	77
68	87
68	93
68	95
69	70
69	74
69	77
69	80
69	88
69	90
69	93
69	94
69	97
70	74
70	77
70	79
70	83
70	84
70	89
70	91
70	95
70	96
70	97
70	98
70	99
71	87
71	88
71	91
71	93
71	95
72	81
72	84
72	88
72	89
72	90
72	94
73	79
73	83
73	84
73	85
73	86
73	89
73	91
73	94
73	95
73	96
74	75
74	77
74	82
74	83
74	85
74	88
74	91
74	94
75	80
75	82
75	85
75	92
75	93
75	97
76	85
76	88
76	89
76	90
76	91
76	92
76	94
76	96
76	98
77	83
77	84
77	86
77	88
77	90
77	96
77	97
77	98
78	80
78	82
78	85
78	86
78	89
78	92
78	95
78	96
78	97
79	83
79	89
79	91
79	93
79	94
79	95
79	96
79	98
80	81
80	85
80	86
80	87
80	90
80	92
80	93
80	94
80	96
80	97
80	98
80	99
81	82
81	83
81	87
81	89
81	91
81	93
81	94
81	96
81	98
81	99
82	83
82	84
82	88
82	99
83	84
83	86
83	87
83	88
83	89
83	92
83	94
83	95
83	99
84	86
84	88
84	89
84	90
84	91
84	94
84	96
84	97
84	99
85	89
85	90
85	91
85	92
85	98
85	99
86	88
86	91
86	96
86	98
87	89
87	91
87	93
87	95
87	97
87	98
88	91
88	92
89	95
89	97
89	98
90	94
90	99
91	95
91	97
92	93
92	97
92	98
93	95
93	97
94	95
94	97
94	98
95	98
96	97
97	99
98	99
