0	1
0	2
0	15
0	17
0	20
0	21
0	22
0	27
0	29
0	30
0	34
0	35
0	38
0	39
0	42
0	44
0	45
0	47
0	48
0	64
0	67
0	69
0	70
0	71
0	73
0	77
0	82
0	85
0	86
0	90
0	91
0	92
0	95
0	98
1	5
1	8
1	11
1	13
1	14
1	17
1	19
1	23
1	26
1	27
1	31
1	33
1	34
1	38
1	43
1	48
1	50
1	51
1	55
1	56
1	60
1	61
1	65
1	66
1	71
1	72
1	73
1	78
1	80
1	81
1	87
1	88
1	91
1	92
1	96
1	97
2	3
2	13
2	14
2	16
2	17
2	18
2	19
2	21
2	24
2	27
2	28
2	31
2	44
2	46
2	47
2	50
2	52
2	54
2	56
2	57
2	62
2	63
2	64
2	71
2	74
2	75
2	80
2	83
2	88
2	90
2	92
2	93
2	94
2	96
3	7
3	11
3	12
3	18
3	25
3	26
3	27
3	28
3	31
3	32
3	33
3	36
3	40
3	41
3	43
3	50
3	55
3	57
3	60
3	61
3	64
3	65
3	67
3	70
3	71
3	72
3	73
3	77
3	81
3	83
3	84
3	88
3	90
3	91
3	93
3	95
3	96
3	98
3	99
4	11
4	15
4	17
4	20
4	21
4	26
4	28
4	30
4	31
4	32
4	36
4	40
4	44
4	45
4	46
4	54
4	55
4	57
4	59
4	60
4	63
4	65
4	75
4	76
4	80
4	81
4	83
4	86
4	88
4	89
4	92
4	93
4	97
4	98
5	9
5	10
5	11
5	16
5	18
5	19
5	20
5	23
5	27
5	29
5	30
5	32
5	36
5	37
5	39
5	41
5	44
5	45
5	46
5	47
5	51
5	55
5	56
5	61
5	64
5	66
5	69
5	74
5	76
5	78
5	88
5	89
5	92
5	94
6	8
6	10
6	11
6	12
6	16
6	21
6	22
6	26
6	31
6	34
6	35
6	38
6	43
6	44
6	46
6	48
6	50
6	51
6	54
6	56
6	57
6	59
6	62
6	63
6	67
6	71
6	72
6	76
6	77
6	79
6	81
6	82
6	83
6	84
6	85
6	86
6	90
6	92
6	93
6	94
6	95
6	96
7	9
7	16
7	19
7	21
7	22
7	25
7	27
7	30
7	33
7	34
7	36
7	38
7	42
7	45
7	49
7	50
7	51
7	56
7	58
7	62
7	66
7	68
7	69
7	71
7	75
7	80
7	87
7	88
7	91
7	96
7	97
8	12
8	16
8	20
8	25
8	28
8	31
8	32
8	33
8	35
8	39
8	42
8	44
8	46
8	50
8	51
8	54
8	56
8	57
8	58
8	62
8	65
8	66
8	68
8	69
8	75
8	78
8	81
8	82
8	83
8	86
8	89
8	93
8	95
8	96
9	10
9	12
9	13
9	20
9	22
9	24
9	32
9	34
9	38
9	46
9	47
9	49
9	50
9	51
9	52
9	54
9	55
9	57
9	58
9	59
9	61
9	65
9	66
9	68
9	71
9	72
9	76
9	79
9	81
9	82
9	85
9	87
9	88
9	93
9	95
9	98
10	11
10	15
10	20
10	21
10	22
10	26
10	27
10	32
10	34
10	35
10	36
10	37
10	40
10	43
10	44
10	48
10	50
10	53
10	54
10	57
10	58
10	59
10	60
10	61
10	63
10	66
10	70
10	72
10	78
10	79
10	83
10	87
10	92
10	93
10	95
10	98
11	12
11	15
11	18
11	20
11	22
11	24
11	28
11	32
11	33
11	34
11	35
11	38
11	40
11	43
11	44
11	51
11	52
11	53
11	63
11	72
11	75
11	77
11	79
11	82
11	83
11	84
11	85
11	87
11	88
11	93
12	15
12	18
12	20
12	26
12	30
12	35
12	39
12	41
12	45
12	47
12	50
12	53
12	54
12	55
12	58
12	59
12	62
12	65
12	67
12	70
12	71
12	73
12	74
12	76
12	81
12	84
12	85
12	87
12	89
12	96
12	97
12	98
13	15
13	22
13	23
13	26
13	30
13	33
13	35
13	42
13	44
13	45
13	51
13	54
13	56
13	57
13	58
13	60
13	63
13	65
13	68
13	71
13	72
13	89
13	90
13	97
13	98
14	19
14	22
14	23
14	24
14	25
14	26
14	27
14	28
14	33
14	34
14	35
14	36
14	38
14	40
14	45
14	46
14	48
14	50
14	54
14	62
14	64
14	66
14	69
14	71
14	77
14	80
14	82
14	85
14	90
14	92
14	93
14	98
15	21
15	23
15	31
15	32
15	34
15	37
15	38
15	39
15	40
15	41
15	44
15	48
15	52
15	54
15	58
15	59
15	61
15	63
15	68
15	70
15	71
15	72
15	73
15	77
15	79
15	82
15	85
15	86
15	89
15	93
15	94
15	99
16	19
16	21
16	23
16	26
16	29
16	33
16	34
16	38
16	41
16	47
16	49
16	52
16	59
16	60
16	62
16	63
16	64
16	65
16	71
16	77
16	81
16	84
16	85
16	86
16	88
16	90
16	91
16	92
16	98
17	20
17	22
17	23
17	25
17	29
17	33
17	34
17	35
17	36
17	37
17	38
17	39
17	40
17	43
17	44
17	47
17	52
17	55
17	58
17	59
17	63
17	66
17	67
17	70
17	74
17	75
17	79
17	83
17	86
17	87
17	92
17	94
17	97
18	19
18	22
18	24
18	25
18	28
18	30
18	31
18	32
18	37
18	38
18	40
18	45
18	47
18	51
18	52
18	53
18	55
18	56
18	62
18	63
18	66
18	74
18	75
18	76
18	77
18	79
18	80
18	81
18	85
18	87
18	95
18	96
18	97
18	98
19	21
19	22
19	23
19	24
19	36
19	38
19	42
19	43
19	44
19	46
19	47
19	49
19	50
19	53
19	56
19	59
19	60
19	61
19	62
19	63
19	64
19	66
19	67
19	68
19	69
19	73
19	78
19	80
19	82
19	83
19	85
19	90
19	91
19	96
20	23
20	26
20	27
20	28
20	29
20	32
20	37
20	38
20	39
20	40
20	48
20	52
20	53
20	54
20	57
20	58
20	60
20	61
20	62
20	70
20	76
20	81
20	82
20	83
20	85
20	90
20	93
20	95
20	96
20	99
21	24
21	28
21	29
21	32
21	33
21	38
21	41
21	44
21	46
21	48
21	49
21	51
21	52
21	56
21	58
21	60
21	65
21	68
21	69
21	81
21	87
21	90
21	96
21	97
21	98
21	99
22	23
22	28
22	30
22	31
22	33
22	34
22	35
22	38
22	40
22	43
22	45
22	49
22	50
22	51
22	55
22	56
22	62
22	67
22	70
22	72
22	82
22	84
22	87
22	97
23	24
23	26
23	30
23	32
23	34
23	35
23	41
23	42
23	43
23	45
23	49
23	57
23	60
23	65
23	68
23	69
23	70
23	74
23	77
23	82
23	83
23	85
23	89
23	90
23	91
23	92
23	94
23	99
24	30
24	31
24	32
24	33
24	40
24	43
24	46
24	50
24	53
24	54
24	55
24	56
24	57
24	65
24	66
24	67
24	68
24	70
24	77
24	78
24	80
24	85
24	94
24	97
24	98
24	99
25	30
25	31
25	34
25	35
25	43
25	47
25	50
25	51
25	52
25	55
25	61
25	62
25	63
25	65
25	66
25	69
25	71
25	72
25	73
25	74
25	75
25	79
25	80
25	84
25	86
25	87
25	92
25	93
25	94
25	95
25	96
26	27
26	35
26	41
26	45
26	54
26	59
26	60
26	61
26	68
26	70
26	71
26	73
26	76
26	77
26	80
26	82
26	83
26	84
26	88
26	90
26	94
26	97
26	99
27	29
27	30
27	36
27	37
27	39
27	44
27	45
27	51
27	52
27	53
27	58
27	60
27	61
27	62
27	71
27	72
27	78
27	81
27	82
27	83
27	84
27	87
27	88
27	89
27	91
27	93
27	94
27	95
27	99
28	30
28	31
28	32
28	36
28	37
28	38
28	40
28	44
28	45
28	48
28	49
28	56
28	58
28	60
28	61
28	62
28	63
28	65
28	67
28	71
28	75
28	77
28	81
28	84
28	85
28	86
28	90
28	93
28	94
28	96
28	97
28	98
28	99
29	31
29	33
29	36
29	41
29	43
29	46
29	47
29	48
29	54
29	56
29	57
29	67
29	70
29	72
29	73
29	74
29	75
29	79
29	80
29	82
29	83
29	85
29	86
29	87
29	91
29	95
29	96
30	37
30	38
30	46
30	47
30	48
30	49
30	50
30	52
30	56
30	57
30	62
30	66
30	70
30	72
30	73
30	76
30	77
30	81
30	86
30	90
30	91
30	92
30	98
31	34
31	35
31	38
31	43
31	44
31	45
31	46
31	49
31	55
31	56
31	57
31	59
31	60
31	62
31	63
31	66
31	68
31	71
31	73
31	74
31	80
31	82
31	84
31	88
31	91
31	92
31	97
32	34
32	37
32	38
32	39
32	40
32	41
32	44
32	47
32	50
32	52
32	56
32	58
32	59
32	64
32	65
32	66
32	72
32	73
32	76
32	77
32	81
32	84
32	85
32	86
32	91
32	94
32	96
33	41
33	42
33	43
33	44
33	45
33	46
33	47
33	48
33	50
33	52
33	54
33	57
33	58
33	61
33	63
33	64
33	67
33	73
33	74
33	87
33	88
33	91
33	96
34	35
34	39
34	44
34	46
34	49
34	53
34	54
34	55
34	56
34	58
34	63
34	65
34	69
34	70
34	71
34	74
34	78
34	80
34	82
34	85
34	87
34	93
34	97
34	98
35	36
35	37
35	39
35	41
35	42
35	44
35	49
35	50
35	52
35	55
35	58
35	61
35	68
35	69
35	71
35	80
35	81
35	84
35	86
35	88
35	89
35	92
35	96
35	99
36	38
36	39
36	40
36	41
36	48
36	50
36	54
36	55
36	59
36	61
36	65
36	70
36	71
36	72
36	74
36	78
36	79
36	80
36	84
36	85
36	90
36	91
36	92
36	93
36	94
36	95
36	98
36	99
37	39
37	41
37	42
37	46
37	48
37	51
37	52
37	55
37	56
37	60
37	64
37	66
37	68
37	69
37	70
37	72
37	73
37	75
37	76
37	79
37	80
37	81
37	82
37	84
37	86
37	89
37	90
37	91
37	93
37	94
38	41
38	44
38	46
38	47
38	49
38	50
38	51
38	52
38	54
38	58
38	61
38	64
38	67
38	72
38	73
38	75
38	76
38	81
38	83
38	84
38	85
38	88
38	89
38	91
38	92
38	95
38	97
38	99
39	42
39	43
39	44
39	50
39	51
39	54
39	56
39	57
39	59
39	63
39	65
39	66
39	75
39	76
39	78
39	80
39	82
39	84
39	86
39	87
39	91
39	94
39	96
39	98
39	99
40	41
40	42
40	43
40	47
40	50
40	52
40	53
40	56
40	59
40	60
40	61
40	62
40	64
40	66
40	67
40	69
40	71
40	76
40	79
40	80
40	84
40	85
40	87
40	88
40	89
40	97
40	98
40	99
41	44
41	48
41	49
41	57
41	59
41	68
41	69
41	73
41	75
41	82
41	84
41	87
41	88
41	89
41	92
41	93
41	97
41	98
41	99
42	44
42	47
42	49
42	52
42	53
42	55
42	58
42	62
42	65
42	68
42	70
42	73
42	74
42	79
42	80
42	82
42	84
42	87
42	88
42	89
42	91
42	95
42	99
43	44
43	45
43	46
43	51
43	52
43	53
43	54
43	58
43	59
43	60
43	63
43	66
43	67
43	71
43	73
43	74
43	75
43	78
43	80
43	81
43	82
43	86
43	88
43	92
43	97
44	47
44	48
44	53
44	61
44	64
44	65
44	70
44	73
44	74
44	77
44	78
44	84
44	89
44	90
44	96
45	48
45	50
45	51
45	53
45	54
45	59
45	60
45	62
45	68
45	70
45	72
45	73
45	75
45	78
45	80
45	81
45	87
45	89
45	92
45	94
45	96
45	98
45	99
46	47
46	48
46	52
46	53
46	57
46	58
46	63
46	65
46	66
46	69
46	73
46	90
46	91
46	93
46	95
46	96
46	97
46	98
46	99
47	49
47	51
47	52
47	56
47	57
47	58
47	60
47	61
47	63
47	64
47	65
47	71
47	74
47	75
47	77
47	79
47	81
47	87
47	89
47	94
47	95
47	96
47	99
48	49
48	50
48	51
48	52
48	54
48	55
48	56
48	61
48	62
48	65
48	69
48	78
48	80
48	81
48	84
48	87
49	54
49	55
49	57
49	62
49	63
49	65
49	67
49	70
49	72
49	76
49	77
49	79
49	83
49	89
49	90
49	91
49	94
49	96
50	52
50	53
50	54
50	57
50	58
50	64
50	68
50	69
50	70
50	71
50	74
50	77
50	78
50	83
50	88
50	92
50	95
50	97
50	99
51	54
51	57
51	61
51	68
51	72
51	77
51	79
51	83
51	85
51	88
51	90
51	94
51	96
52	61
52	68
52	70
52	72
52	76
52	78
52	79
52	86
52	94
52	98
53	56
53	57
53	61
53	64
53	65
53	66
53	68
53	69
53	71
53	72
53	73
53	75
53	76
53	79
53	82
53	84
53	85
53	95
53	99
54	55
54	58
54	60
54	64
54	68
54	69
54	73
54	75
54	78
54	80
54	82
54	83
54	84
54	90
54	91
54	95
54	97
55	56
55	58
55	64
55	65
55	67
55	73
55	74
55	77
55	80
55	82
55	84
55	85
55	87
55	89
55	90
55	91
55	92
55	96
55	97
55	99
56	57
56	59
56	64
56	66
56	73
56	74
56	76
56	78
56	79
56	81
56	83
56	88
56	89
56	91
56	92
56	93
56	94
56	95
56	99
57	58
57	63
57	66
57	68
57	71
57	74
57	75
57	76
57	77
57	79
57	82
57	83
57	84
57	86
57	91
57	96
57	98
58	59
58	62
58	63
58	64
58	65
58	67
58	70
58	71
58	74
58	75
58	76
58	77
58	78
58	79
58	80
58	85
58	86
58	88
58	97
58	99
59	62
59	65
59	66
59	67
59	75
59	76
59	77
59	78
59	79
59	87
59	93
59	96
59	97
60	61
60	62
60	65
60	66
60	67
60	70
60	72
60	73
60	74
60	75
60	77
60	82
60	86
60	93
60	96
60	97
60	98
60	99
61	64
61	70
61	71
61	72
61	73
61	81
61	83
61	84
61	86
61	87
61	88
61	90
61	91
61	92
61	93
61	94
61	98
61	99
62	70
62	71
62	77
62	80
62	83
62	87
62	88
62	90
62	92
62	95
62	97
62	99
63	66
63	68
63	69
63	71
63	72
63	73
63	81
63	82
63	88
63	90
63	91
63	93
63	94
63	96
63	97
63	99
64	66
64	75
64	83
64	85
64	86
64	89
64	93
65	76
65	77
65	78
65	80
65	82
65	85
65	87
65	89
65	90
65	91
65	92
65	93
65	97
66	67
66	72
66	77
66	81
66	82
66	84
66	86
66	87
66	88
66	90
66	94
66	97
66	98
67	69
67	71
67	73
67	76
67	78
67	79
67	80
67	81
67	86
67	90
67	94
67	95
68	74
68	81
68	83
68	85
68	86
68	87
68	89
68	92
68	95
68	97
69	71
69	74
69	76
69	81
69	87
69	89
69	95
69	99
70	71
70	74
70	76
70	77
70	81
70	82
70	83
70	85
70	86
70	88
70	89
70	90
70	95
70	98
70	99
71	72
71	80
71	82
71	84
71	86
71	87
71	88
71	89
71	94
72	74
72	85
72	86
72	88
72	96
72	99
73	79
73	83
73	85
73	86
73	88
73	89
73	94
73	97
74	75
74	76
74	82
74	83
74	85
74	86
74	91
74	95
74	96
74	97
74	98
74	99
75	78
75	79
75	80
75	84
75	85
75	87
75	92
75	95
75	99
76	79
76	82
76	85
76	87
76	90
76	91
76	93
76	97
76	98
77	79
77	83
77	84
77	85
77	86
77	93
77	96
77	98
78	81
78	86
78	89
78	92
78	95
78	99
79	80
79	85
79	86
79	87
79	88
79	91
79	94
79	96
79	97
79	99
80	81
80	82
80	84
80	85
80	87
80	96
80	97
80	98
81	82
81	84
81	87
81	92
81	95
81	97
82	83
82	84
82	86
82	92
82	94
83	85
83	86
83	87
83	89
83	90
83	91
83	92
83	95
83	96
83	98
84	86
84	87
84	89
84	91
84	92
84	94
85	87
85	92
85	96
85	98
85	99
86	87
86	90
86	93
86	94
87	88
87	90
87	96
87	97
87	99
88	89
88	93
88	96
88	97
89	90
89	91
90	91
90	92
90	93
90	99
91	92
91	94
91	95
91	96
91	97
91	98
92	95
92	96
93	94
93	95
93	97
94	95
94	96
94	97
95	96
95	98
97	98
98	99
