0	1
0	2
0	8
0	9
0	12
0	17
0	18
0	21
0	30
0	32
0	34
0	35
0	38
0	47
0	48
0	51
0	52
0	55
0	60
0	64
0	66
0	67
0	72
0	77
0	79
0	81
0	83
0	85
0	87
0	91
0	93
0	94
0	95
0	97
1	3
1	4
1	9
1	11
1	12
1	15
1	18
1	21
1	28
1	29
1	31
1	32
1	38
1	40
1	41
1	51
1	55
1	57
1	62
1	63
1	66
1	67
1	68
1	75
1	77
1	81
1	85
1	86
1	90
1	91
1	92
1	94
1	95
1	98
2	3
2	6
2	17
2	30
2	36
2	37
2	39
2	42
2	44
2	48
2	50
2	53
2	56
2	57
2	58
2	59
2	60
2	62
2	63
2	66
2	69
2	71
2	76
2	84
2	89
2	90
2	91
2	94
2	95
2	97
2	98
3	5
3	6
3	7
3	8
3	14
3	20
3	23
3	24
3	25
3	29
3	30
3	31
3	35
3	38
3	39
3	41
3	42
3	45
3	46
3	50
3	53
3	55
3	56
3	57
3	60
3	61
3	63
3	67
3	69
3	70
3	71
3	72
3	73
3	77
3	80
3	81
3	87
3	88
3	89
3	92
3	97
3	98
3	99
4	5
4	12
4	16
4	18
4	19
4	23
4	31
4	33
4	36
4	38
4	39
4	40
4	42
4	44
4	45
4	46
4	47
4	48
4	63
4	67
4	72
4	73
4	79
4	81
4	82
4	83
4	84
4	86
4	87
4	89
4	90
4	91
4	93
4	94
4	95
4	97
5	6
5	7
5	8
5	11
5	13
5	16
5	20
5	24
5	25
5	26
5	30
5	33
5	35
5	37
5	39
5	40
5	47
5	49
5	51
5	52
5	53
5	57
5	60
5	61
5	63
5	70
5	73
5	75
5	81
5	82
5	83
5	91
5	93
5	96
5	98
5	99
6	8
6	10
6	11
6	13
6	16
6	19
6	20
6	24
6	31
6	33
6	40
6	41
6	44
6	45
6	48
6	50
6	51
6	53
6	55
6	58
6	64
6	65
6	69
6	70
6	71
6	73
6	76
6	77
6	81
6	84
6	85
6	91
6	92
6	94
6	98
7	12
7	13
7	15
7	17
7	19
7	20
7	22
7	26
7	27
7	28
7	31
7	36
7	38
7	39
7	49
7	50
7	52
7	53
7	55
7	57
7	58
7	61
7	62
7	65
7	66
7	71
7	73
7	77
7	79
7	80
7	85
7	88
7	90
7	91
7	92
7	94
8	12
8	15
8	18
8	19
8	21
8	24
8	27
8	29
8	32
8	33
8	34
8	40
8	44
8	45
8	48
8	49
8	51
8	54
8	57
8	62
8	66
8	68
8	74
8	75
8	79
8	80
8	81
8	83
8	85
8	87
8	88
8	93
8	96
8	97
9	12
9	14
9	20
9	21
9	22
9	23
9	24
9	26
9	27
9	30
9	31
9	34
9	38
9	39
9	40
9	43
9	44
9	45
9	48
9	53
9	55
9	59
9	60
9	68
9	70
9	71
9	74
9	76
9	78
9	81
9	82
9	83
9	85
9	86
9	87
9	89
9	96
10	15
10	17
10	21
10	27
10	31
10	32
10	33
10	38
10	42
10	43
10	48
10	51
10	52
10	53
10	54
10	57
10	59
10	60
10	61
10	63
10	66
10	68
10	70
10	73
10	74
10	75
10	80
10	81
10	89
10	90
10	93
10	95
10	96
10	97
11	13
11	16
11	19
11	21
11	27
11	30
11	32
11	33
11	36
11	39
11	41
11	42
11	43
11	49
11	50
11	51
11	55
11	58
11	61
11	62
11	64
11	67
11	70
11	71
11	72
11	74
11	76
11	79
11	84
11	86
11	87
11	91
11	93
11	94
12	15
12	19
12	20
12	21
12	24
12	27
12	31
12	34
12	35
12	37
12	40
12	41
12	45
12	48
12	53
12	55
12	58
12	61
12	64
12	66
12	68
12	70
12	73
12	74
12	77
12	78
12	80
12	83
12	85
12	86
12	87
12	90
12	91
12	92
12	98
13	18
13	20
13	24
13	25
13	27
13	31
13	34
13	36
13	46
13	47
13	48
13	56
13	62
13	71
13	73
13	74
13	77
13	80
13	82
13	85
13	87
13	88
13	90
13	93
13	98
14	22
14	24
14	25
14	26
14	28
14	35
14	38
14	40
14	41
14	44
14	49
14	52
14	53
14	56
14	57
14	58
14	61
14	65
14	66
14	72
14	77
14	79
14	81
14	82
14	85
14	86
14	89
14	93
14	99
15	17
15	18
15	20
15	21
15	22
15	23
15	24
15	26
15	27
15	29
15	32
15	33
15	36
15	41
15	44
15	46
15	52
15	54
15	58
15	59
15	61
15	62
15	63
15	65
15	66
15	70
15	71
15	72
15	84
15	85
15	93
15	95
15	99
16	18
16	23
16	27
16	28
16	29
16	35
16	36
16	40
16	42
16	45
16	47
16	49
16	52
16	59
16	65
16	68
16	70
16	73
16	76
16	78
16	81
16	84
16	85
16	89
16	90
16	91
16	93
16	94
16	95
16	98
17	22
17	27
17	30
17	33
17	34
17	35
17	37
17	38
17	39
17	40
17	45
17	46
17	47
17	48
17	50
17	53
17	54
17	55
17	56
17	60
17	63
17	66
17	71
17	72
17	73
17	75
17	80
17	83
17	84
17	86
17	87
17	89
18	22
18	31
18	34
18	35
18	39
18	44
18	49
18	50
18	51
18	54
18	57
18	58
18	59
18	62
18	66
18	67
18	68
18	69
18	70
18	71
18	72
18	73
18	75
18	76
18	77
18	81
18	82
18	84
18	88
18	89
18	90
18	91
18	92
18	93
18	94
18	98
19	21
19	24
19	25
19	27
19	28
19	30
19	32
19	33
19	34
19	38
19	48
19	50
19	59
19	61
19	62
19	63
19	64
19	65
19	66
19	67
19	71
19	75
19	76
19	79
19	82
19	83
19	85
19	86
19	87
19	89
19	91
19	94
19	95
19	99
20	25
20	26
20	27
20	28
20	29
20	31
20	32
20	42
20	43
20	44
20	45
20	46
20	49
20	50
20	53
20	55
20	64
20	66
20	67
20	70
20	71
20	75
20	76
20	77
20	82
20	85
20	86
20	87
20	88
20	90
20	91
20	92
20	93
21	23
21	24
21	25
21	27
21	28
21	31
21	33
21	35
21	36
21	37
21	38
21	40
21	42
21	45
21	54
21	55
21	56
21	60
21	63
21	64
21	65
21	76
21	79
21	81
21	82
21	85
21	87
21	91
21	93
21	94
21	95
22	23
22	28
22	29
22	41
22	42
22	45
22	49
22	55
22	57
22	59
22	60
22	61
22	64
22	65
22	66
22	67
22	68
22	71
22	73
22	75
22	77
22	80
22	82
22	83
22	84
22	88
22	89
22	94
22	97
22	98
23	25
23	31
23	33
23	34
23	38
23	46
23	50
23	51
23	53
23	55
23	56
23	57
23	63
23	64
23	65
23	68
23	70
23	74
23	76
23	81
23	84
23	85
23	90
23	92
23	96
23	97
23	98
23	99
24	28
24	31
24	37
24	38
24	40
24	42
24	44
24	48
24	60
24	61
24	63
24	64
24	68
24	69
24	71
24	72
24	75
24	76
24	77
24	82
24	83
24	87
24	88
24	91
24	92
24	96
25	28
25	32
25	33
25	34
25	36
25	43
25	44
25	45
25	48
25	50
25	51
25	54
25	56
25	59
25	61
25	62
25	64
25	68
25	70
25	72
25	76
25	80
25	83
25	85
25	86
25	88
25	90
25	95
25	96
26	27
26	30
26	32
26	35
26	36
26	37
26	38
26	39
26	41
26	44
26	47
26	52
26	56
26	58
26	65
26	67
26	73
26	78
26	79
26	83
26	88
26	89
26	90
26	92
26	96
27	31
27	34
27	37
27	38
27	40
27	46
27	47
27	48
27	51
27	53
27	59
27	60
27	62
27	69
27	73
27	80
27	81
27	83
27	86
27	88
27	90
27	93
27	94
27	95
27	97
27	98
28	29
28	30
28	31
28	32
28	35
28	36
28	37
28	38
28	39
28	41
28	48
28	50
28	54
28	57
28	59
28	62
28	63
28	67
28	70
28	73
28	74
28	75
28	80
28	82
28	90
28	94
28	96
29	30
29	31
29	35
29	37
29	38
29	40
29	46
29	47
29	49
29	50
29	51
29	52
29	53
29	56
29	60
29	61
29	62
29	63
29	65
29	71
29	73
29	77
29	83
29	85
29	87
29	98
30	32
30	35
30	40
30	45
30	46
30	48
30	49
30	52
30	54
30	55
30	56
30	61
30	62
30	63
30	65
30	70
30	73
30	77
30	81
30	87
30	88
30	94
30	97
30	98
31	32
31	38
31	39
31	40
31	43
31	44
31	46
31	47
31	49
31	50
31	54
31	64
31	65
31	66
31	76
31	77
31	80
31	82
31	83
31	85
31	91
31	92
31	93
31	95
31	99
32	33
32	36
32	37
32	38
32	39
32	40
32	42
32	43
32	47
32	51
32	53
32	57
32	59
32	60
32	61
32	62
32	65
32	66
32	69
32	75
32	77
32	79
32	83
32	87
32	88
32	90
32	91
32	92
32	97
32	98
32	99
33	34
33	36
33	39
33	43
33	45
33	48
33	51
33	52
33	55
33	57
33	58
33	60
33	61
33	62
33	67
33	68
33	69
33	71
33	72
33	74
33	75
33	76
33	79
33	83
33	85
33	88
33	89
33	96
33	98
33	99
34	37
34	38
34	39
34	41
34	45
34	48
34	49
34	53
34	54
34	55
34	56
34	57
34	62
34	65
34	66
34	68
34	70
34	73
34	84
34	86
34	89
34	91
34	92
34	94
35	39
35	40
35	43
35	50
35	51
35	53
35	56
35	59
35	60
35	62
35	63
35	66
35	69
35	76
35	78
35	82
35	87
35	88
35	92
35	95
36	37
36	43
36	45
36	47
36	49
36	51
36	52
36	54
36	57
36	59
36	60
36	62
36	69
36	70
36	71
36	72
36	74
36	75
36	79
36	80
36	82
36	85
36	87
36	89
36	90
36	91
36	93
36	96
36	97
36	98
37	38
37	41
37	44
37	47
37	48
37	49
37	50
37	51
37	52
37	54
37	55
37	56
37	57
37	59
37	60
37	62
37	65
37	67
37	68
37	69
37	76
37	77
37	78
37	81
37	82
37	84
37	88
37	90
37	94
37	95
37	96
37	99
38	39
38	43
38	45
38	47
38	48
38	51
38	53
38	55
38	59
38	63
38	65
38	66
38	67
38	69
38	70
38	71
38	72
38	74
38	78
38	79
38	80
38	83
38	84
38	90
38	93
38	95
38	96
38	97
39	41
39	44
39	49
39	52
39	55
39	58
39	59
39	61
39	62
39	65
39	66
39	67
39	69
39	72
39	77
39	79
39	80
39	84
39	85
39	87
39	91
39	92
39	95
39	96
39	97
40	43
40	44
40	49
40	53
40	54
40	55
40	58
40	59
40	65
40	66
40	72
40	74
40	75
40	78
40	83
40	85
40	92
40	96
40	97
40	99
41	42
41	44
41	46
41	51
41	55
41	56
41	57
41	58
41	59
41	60
41	62
41	66
41	67
41	70
41	75
41	76
41	81
41	82
41	84
41	88
41	89
41	96
41	98
42	43
42	45
42	47
42	48
42	52
42	54
42	56
42	57
42	58
42	59
42	61
42	64
42	65
42	66
42	70
42	73
42	77
42	78
42	83
42	86
42	91
42	92
42	93
42	94
42	99
43	44
43	45
43	46
43	47
43	50
43	51
43	52
43	55
43	56
43	60
43	63
43	65
43	68
43	69
43	73
43	74
43	76
43	80
43	81
43	82
43	84
43	85
43	86
43	92
43	94
43	96
43	99
44	46
44	51
44	53
44	54
44	55
44	56
44	61
44	62
44	65
44	67
44	71
44	74
44	82
44	84
44	89
44	93
44	94
44	98
44	99
45	53
45	54
45	60
45	62
45	67
45	69
45	70
45	73
45	77
45	80
45	83
45	86
45	91
45	92
45	93
45	95
45	96
45	97
45	98
46	47
46	50
46	51
46	52
46	55
46	57
46	65
46	66
46	67
46	77
46	81
46	82
46	83
46	86
46	87
46	88
46	90
46	91
46	92
46	96
47	55
47	56
47	61
47	65
47	66
47	69
47	70
47	73
47	74
47	75
47	78
47	80
47	84
47	86
47	87
47	91
47	93
47	94
47	95
47	97
47	98
47	99
48	54
48	55
48	57
48	58
48	72
48	75
48	78
48	85
48	86
48	89
48	91
48	92
48	97
49	50
49	51
49	56
49	58
49	66
49	71
49	73
49	74
49	76
49	77
49	80
49	82
49	85
49	88
49	92
49	93
49	96
49	97
50	52
50	57
50	58
50	62
50	64
50	66
50	67
50	69
50	71
50	73
50	74
50	79
50	81
50	89
50	91
50	95
51	54
51	63
51	69
51	70
51	71
51	72
51	74
51	75
51	77
51	80
51	86
51	87
51	88
51	97
52	53
52	54
52	61
52	63
52	66
52	68
52	72
52	73
52	74
52	75
52	77
52	79
52	80
52	82
52	85
52	90
52	92
52	94
52	95
53	56
53	57
53	60
53	62
53	67
53	68
53	73
53	74
53	77
53	85
53	91
53	95
53	96
53	97
53	99
54	56
54	58
54	59
54	60
54	61
54	62
54	63
54	68
54	69
54	70
54	71
54	74
54	77
54	78
54	81
54	82
54	89
54	92
54	94
54	96
54	99
55	58
55	59
55	62
55	66
55	69
55	72
55	75
55	81
55	83
55	88
55	90
55	95
55	96
55	97
55	99
56	57
56	58
56	59
56	65
56	66
56	67
56	69
56	73
56	74
56	77
56	80
56	84
56	86
56	91
56	94
56	96
56	98
56	99
57	58
57	59
57	61
57	65
57	69
57	70
57	71
57	74
57	77
57	78
57	79
57	80
57	82
57	85
57	90
57	95
57	96
58	59
58	61
58	62
58	63
58	64
58	65
58	66
58	67
58	70
58	71
58	76
58	80
58	83
58	86
58	87
58	89
58	90
58	92
58	94
58	96
59	63
59	66
59	70
59	74
59	81
59	89
59	90
59	92
59	96
60	61
60	68
60	73
60	74
60	75
60	79
60	80
60	81
60	83
60	84
60	88
60	94
60	98
61	65
61	66
61	68
61	69
61	70
61	72
61	73
61	74
61	75
61	76
61	77
61	80
61	82
61	85
61	88
61	90
61	95
61	97
62	71
62	72
62	74
62	76
62	77
62	84
62	85
62	87
62	89
62	90
62	91
62	95
62	99
63	64
63	67
63	68
63	69
63	74
63	77
63	79
63	80
63	82
63	84
63	86
63	89
63	92
63	98
64	66
64	67
64	74
64	76
64	78
64	81
64	85
64	92
64	94
65	68
65	69
65	75
65	84
65	90
65	92
65	93
65	95
65	97
65	99
66	74
66	77
66	80
66	87
66	90
66	92
66	93
66	96
67	72
67	76
67	80
67	88
67	92
67	96
67	99
68	77
68	80
68	83
68	84
68	88
68	94
68	96
68	97
68	99
69	70
69	74
69	79
69	80
69	85
69	88
69	89
69	91
70	71
70	75
70	80
70	82
70	83
70	85
70	86
70	87
70	88
70	92
70	95
70	99
71	74
71	79
71	80
71	82
71	83
71	85
71	87
71	91
71	93
71	95
72	77
72	78
72	80
72	83
72	84
72	86
72	94
72	97
73	75
73	79
73	82
73	84
73	86
73	88
73	93
73	97
74	78
74	80
74	81
74	84
74	86
74	88
74	89
74	92
74	96
74	97
75	77
75	78
75	82
75	84
75	90
75	91
75	92
75	97
76	79
76	80
76	83
76	86
76	95
76	97
76	98
76	99
77	82
77	84
77	87
77	88
77	89
77	91
77	97
78	84
78	88
78	89
78	91
78	92
78	95
78	96
78	97
78	99
79	83
79	84
79	85
79	86
79	88
79	92
79	93
79	94
79	95
79	97
79	99
80	82
80	84
80	86
80	88
80	94
80	96
80	97
80	99
81	82
81	83
81	87
81	89
81	92
81	96
81	97
81	98
82	87
82	95
83	84
83	86
83	87
83	93
83	95
83	98
83	99
84	85
84	87
84	88
84	94
84	95
84	97
85	86
85	88
85	91
85	94
85	95
85	96
85	97
86	87
86	89
86	90
86	91
86	96
86	97
87	88
87	95
87	99
88	89
88	91
88	94
89	90
89	92
89	95
89	98
89	99
90	91
90	93
90	95
90	98
91	95
92	93
92	96
92	98
93	95
93	98
93	99
94	96
94	98
94	99
95	97
95	98
95	99
96	97
97	98
97	99
98	99
