0	1
0	2
0	4
0	10
0	11
0	12
0	13
0	18
0	20
0	22
0	26
0	27
0	28
0	31
0	33
0	38
0	39
0	50
0	51
0	54
0	55
0	56
0	62
0	65
0	67
0	71
0	72
0	73
0	75
0	76
0	77
0	79
0	81
0	83
0	85
0	86
0	96
0	98
1	2
1	12
1	15
1	19
1	20
1	22
1	24
1	25
1	27
1	28
1	29
1	37
1	39
1	47
1	49
1	50
1	53
1	56
1	59
1	64
1	65
1	66
1	67
1	68
1	71
1	74
1	75
1	80
1	84
1	88
1	93
1	95
1	99
2	3
2	10
2	16
2	22
2	24
2	26
2	31
2	32
2	33
2	35
2	36
2	43
2	44
2	49
2	50
2	56
2	57
2	59
2	62
2	70
2	72
2	74
2	80
2	81
2	84
2	85
2	88
2	89
2	90
2	93
2	96
2	98
3	4
3	6
3	9
3	10
3	15
3	16
3	17
3	18
3	21
3	24
3	25
3	26
3	27
3	28
3	34
3	35
3	37
3	42
3	43
3	44
3	45
3	52
3	54
3	58
3	60
3	62
3	63
3	65
3	74
3	77
3	78
3	80
3	83
3	84
3	85
3	86
3	88
3	92
3	99
4	6
4	8
4	9
4	16
4	18
4	19
4	25
4	28
4	29
4	31
4	32
4	33
4	42
4	43
4	44
4	51
4	53
4	54
4	55
4	56
4	57
4	65
4	67
4	68
4	74
4	75
4	88
4	91
4	92
4	94
4	95
4	99
5	6
5	8
5	11
5	14
5	15
5	18
5	20
5	22
5	25
5	31
5	37
5	38
5	42
5	45
5	46
5	47
5	48
5	51
5	53
5	54
5	55
5	59
5	61
5	63
5	64
5	65
5	68
5	71
5	75
5	76
5	77
5	79
5	82
5	89
5	90
5	93
5	96
6	8
6	13
6	16
6	18
6	19
6	21
6	22
6	24
6	27
6	28
6	30
6	32
6	37
6	38
6	41
6	42
6	43
6	44
6	47
6	53
6	58
6	59
6	62
6	66
6	67
6	76
6	78
6	79
6	81
6	83
6	84
6	85
6	87
6	91
6	95
6	96
6	97
7	12
7	13
7	16
7	17
7	18
7	19
7	20
7	22
7	26
7	30
7	31
7	32
7	34
7	36
7	41
7	46
7	50
7	52
7	54
7	56
7	61
7	63
7	64
7	65
7	70
7	71
7	74
7	76
7	77
7	79
7	83
7	89
7	90
7	95
7	96
7	99
8	12
8	15
8	17
8	18
8	20
8	23
8	29
8	30
8	32
8	33
8	36
8	38
8	40
8	41
8	43
8	45
8	58
8	59
8	60
8	62
8	73
8	75
8	83
8	85
8	86
8	90
8	94
8	95
8	96
8	97
8	99
9	10
9	12
9	16
9	17
9	19
9	20
9	22
9	25
9	27
9	28
9	31
9	32
9	33
9	34
9	36
9	41
9	43
9	48
9	53
9	56
9	59
9	64
9	66
9	69
9	70
9	72
9	73
9	74
9	78
9	79
9	87
9	89
9	90
9	94
9	96
9	99
10	11
10	21
10	23
10	24
10	25
10	28
10	30
10	33
10	34
10	38
10	40
10	44
10	45
10	46
10	50
10	54
10	56
10	67
10	68
10	70
10	72
10	73
10	77
10	81
10	82
10	83
10	87
10	91
10	92
10	93
10	95
10	99
11	12
11	16
11	17
11	19
11	20
11	22
11	30
11	31
11	33
11	37
11	38
11	39
11	41
11	42
11	45
11	48
11	49
11	53
11	54
11	55
11	60
11	62
11	66
11	68
11	72
11	74
11	75
11	76
11	80
11	83
11	84
11	85
11	89
11	91
11	93
11	95
11	99
12	19
12	20
12	22
12	26
12	31
12	37
12	38
12	39
12	40
12	43
12	44
12	45
12	48
12	49
12	50
12	52
12	53
12	54
12	55
12	56
12	57
12	58
12	66
12	70
12	72
12	74
12	77
12	78
12	81
12	85
12	88
12	89
12	92
12	94
12	95
12	97
13	18
13	20
13	21
13	23
13	26
13	31
13	34
13	35
13	36
13	43
13	50
13	52
13	57
13	60
13	62
13	66
13	71
13	72
13	73
13	74
13	78
13	79
13	82
13	85
13	87
13	92
13	94
14	19
14	22
14	24
14	25
14	26
14	33
14	34
14	36
14	38
14	39
14	41
14	43
14	49
14	50
14	54
14	55
14	65
14	69
14	71
14	75
14	76
14	80
14	81
14	85
14	88
14	89
14	90
14	93
14	95
14	96
14	97
15	17
15	18
15	19
15	30
15	31
15	32
15	33
15	34
15	36
15	40
15	41
15	44
15	45
15	51
15	52
15	54
15	56
15	61
15	64
15	65
15	68
15	73
15	76
15	77
15	79
15	82
15	84
15	85
15	87
15	88
15	94
15	96
16	17
16	20
16	22
16	26
16	34
16	38
16	39
16	41
16	44
16	50
16	51
16	54
16	59
16	61
16	63
16	70
16	73
16	75
16	76
16	78
16	81
16	83
16	87
16	89
16	90
16	91
16	92
16	93
16	94
16	95
16	97
17	18
17	19
17	20
17	21
17	22
17	23
17	29
17	33
17	35
17	36
17	43
17	45
17	46
17	48
17	51
17	52
17	53
17	54
17	55
17	60
17	62
17	63
17	64
17	66
17	75
17	77
17	84
17	85
17	86
17	93
17	95
17	96
17	97
17	99
18	20
18	21
18	23
18	25
18	27
18	28
18	29
18	30
18	31
18	32
18	33
18	36
18	44
18	45
18	50
18	54
18	56
18	57
18	66
18	67
18	68
18	72
18	75
18	76
18	77
18	79
18	83
18	84
18	85
18	87
18	88
18	89
18	91
18	92
18	94
18	95
18	97
18	98
18	99
19	20
19	22
19	24
19	31
19	34
19	37
19	40
19	41
19	43
19	48
19	49
19	53
19	54
19	55
19	57
19	59
19	62
19	63
19	67
19	75
19	76
19	77
19	80
19	82
19	83
19	86
19	87
19	90
19	92
19	93
19	97
19	98
19	99
20	21
20	26
20	27
20	29
20	37
20	38
20	40
20	41
20	45
20	55
20	56
20	58
20	60
20	63
20	66
20	70
20	72
20	73
20	74
20	76
20	80
20	83
20	85
20	86
20	87
20	88
20	92
20	93
21	22
21	24
21	26
21	27
21	30
21	32
21	33
21	38
21	40
21	41
21	46
21	49
21	51
21	54
21	55
21	57
21	58
21	64
21	65
21	66
21	67
21	68
21	69
21	71
21	75
21	80
21	82
21	86
21	88
21	96
21	97
21	98
22	28
22	31
22	33
22	34
22	40
22	47
22	48
22	49
22	50
22	53
22	55
22	56
22	59
22	60
22	62
22	68
22	71
22	87
22	88
22	92
22	93
22	95
22	97
22	99
23	24
23	25
23	28
23	30
23	33
23	34
23	35
23	46
23	48
23	51
23	52
23	53
23	54
23	56
23	57
23	61
23	62
23	65
23	66
23	69
23	72
23	75
23	77
23	79
23	84
23	90
23	91
23	93
23	94
23	96
23	98
23	99
24	25
24	28
24	29
24	30
24	32
24	33
24	37
24	40
24	42
24	44
24	45
24	46
24	51
24	53
24	58
24	60
24	63
24	64
24	65
24	66
24	70
24	74
24	77
24	79
24	81
24	83
24	91
24	95
25	27
25	32
25	34
25	37
25	43
25	44
25	46
25	47
25	50
25	53
25	54
25	58
25	61
25	67
25	73
25	74
25	80
25	84
25	88
25	91
25	95
25	98
25	99
26	28
26	38
26	41
26	42
26	44
26	46
26	49
26	54
26	56
26	57
26	59
26	62
26	68
26	69
26	73
26	83
26	84
26	86
26	89
26	94
26	95
26	96
26	98
27	28
27	29
27	30
27	37
27	41
27	43
27	45
27	47
27	48
27	51
27	52
27	53
27	55
27	58
27	59
27	61
27	65
27	66
27	69
27	71
27	72
27	73
27	74
27	76
27	77
27	82
27	87
27	91
27	92
27	93
27	94
27	95
27	96
27	99
28	32
28	33
28	35
28	38
28	39
28	41
28	47
28	48
28	54
28	58
28	60
28	61
28	63
28	66
28	72
28	73
28	75
28	76
28	77
28	78
28	84
28	85
28	91
28	95
28	97
29	35
29	38
29	39
29	45
29	46
29	47
29	52
29	57
29	58
29	60
29	61
29	71
29	72
29	73
29	74
29	79
29	80
29	82
29	86
29	88
29	89
29	96
29	97
30	31
30	32
30	35
30	36
30	39
30	41
30	46
30	49
30	53
30	54
30	56
30	57
30	61
30	65
30	67
30	68
30	70
30	74
30	77
30	79
30	80
30	81
30	84
30	88
30	90
30	94
31	34
31	35
31	37
31	38
31	39
31	40
31	43
31	47
31	50
31	52
31	54
31	60
31	62
31	63
31	68
31	70
31	71
31	72
31	75
31	81
31	82
31	83
31	84
31	85
31	87
31	89
31	93
31	95
31	96
31	98
31	99
32	34
32	35
32	38
32	39
32	40
32	41
32	46
32	49
32	55
32	56
32	60
32	61
32	73
32	75
32	81
32	84
32	85
32	86
32	88
32	95
32	96
32	99
33	37
33	38
33	40
33	43
33	47
33	52
33	53
33	54
33	58
33	60
33	62
33	64
33	68
33	72
33	76
33	78
33	80
33	81
33	84
33	86
33	87
33	88
33	90
33	94
33	98
33	99
34	36
34	39
34	44
34	46
34	49
34	55
34	57
34	60
34	63
34	66
34	71
34	72
34	75
34	76
34	79
34	80
34	81
34	82
34	83
34	89
35	39
35	40
35	45
35	47
35	51
35	53
35	54
35	56
35	57
35	61
35	66
35	69
35	71
35	73
35	77
35	78
35	80
35	83
35	85
35	86
35	90
35	92
35	93
35	97
35	98
36	38
36	39
36	42
36	44
36	51
36	54
36	55
36	56
36	58
36	61
36	62
36	64
36	65
36	66
36	69
36	72
36	75
36	77
36	81
36	84
36	85
36	87
36	88
36	90
36	91
36	95
36	98
37	39
37	40
37	41
37	42
37	43
37	47
37	49
37	50
37	54
37	56
37	58
37	59
37	61
37	62
37	63
37	64
37	66
37	67
37	69
37	74
37	78
37	84
37	86
37	92
37	93
37	94
37	95
37	97
37	98
38	39
38	40
38	42
38	43
38	44
38	47
38	48
38	50
38	51
38	52
38	57
38	58
38	60
38	62
38	65
38	68
38	74
38	76
38	77
38	78
38	79
38	82
38	83
38	84
38	86
38	87
38	88
38	91
38	92
38	96
39	40
39	42
39	47
39	48
39	49
39	55
39	56
39	62
39	63
39	64
39	70
39	73
39	75
39	80
39	82
39	86
39	87
39	89
39	92
39	93
39	98
40	45
40	48
40	53
40	54
40	56
40	59
40	63
40	67
40	74
40	76
40	77
40	79
40	80
40	84
40	85
40	87
40	90
40	94
40	98
41	43
41	44
41	45
41	46
41	47
41	48
41	50
41	52
41	58
41	59
41	61
41	68
41	69
41	72
41	73
41	77
41	78
41	81
41	86
41	96
42	43
42	44
42	45
42	46
42	49
42	50
42	52
42	53
42	56
42	57
42	58
42	59
42	65
42	68
42	71
42	73
42	75
42	80
42	81
42	82
42	83
42	87
42	90
42	91
42	97
42	99
43	46
43	47
43	48
43	51
43	52
43	53
43	54
43	56
43	62
43	65
43	67
43	70
43	74
43	77
43	80
43	84
43	85
43	88
43	89
43	90
43	93
43	95
43	96
44	46
44	52
44	53
44	58
44	59
44	61
44	63
44	64
44	65
44	68
44	69
44	74
44	75
44	77
44	78
44	82
44	84
44	87
44	88
44	92
44	93
44	98
44	99
45	56
45	59
45	60
45	61
45	63
45	66
45	68
45	71
45	77
45	78
45	79
45	80
45	81
45	85
45	89
45	92
45	94
45	95
45	97
45	98
45	99
46	47
46	51
46	55
46	56
46	57
46	59
46	60
46	62
46	68
46	69
46	74
46	76
46	81
46	91
46	93
46	98
47	49
47	55
47	58
47	59
47	60
47	62
47	64
47	66
47	69
47	70
47	71
47	79
47	86
47	88
47	89
47	90
47	91
47	95
47	96
47	98
47	99
48	51
48	55
48	57
48	65
48	67
48	70
48	72
48	75
48	78
48	81
48	82
48	85
48	86
48	87
48	88
48	92
48	96
48	97
49	51
49	55
49	57
49	60
49	66
49	70
49	80
49	82
49	87
49	90
49	91
49	92
49	95
49	97
49	98
49	99
50	51
50	54
50	56
50	57
50	58
50	61
50	67
50	69
50	70
50	71
50	74
50	75
50	79
50	80
50	83
50	86
50	89
50	90
50	92
50	94
50	95
50	98
50	99
51	53
51	54
51	56
51	59
51	66
51	67
51	69
51	71
51	74
51	76
51	78
51	79
51	80
51	81
51	83
51	84
51	90
51	92
51	96
51	99
52	53
52	55
52	56
52	57
52	58
52	62
52	64
52	69
52	74
52	77
52	79
52	82
52	83
52	84
52	90
52	92
52	97
53	54
53	55
53	57
53	68
53	73
53	75
53	79
53	81
53	88
53	90
53	91
53	92
53	93
53	98
54	58
54	60
54	62
54	64
54	69
54	71
54	73
54	74
54	76
54	77
54	79
54	82
54	83
54	86
54	88
54	90
54	91
54	92
54	98
54	99
55	56
55	57
55	60
55	62
55	65
55	66
55	68
55	69
55	76
55	82
55	85
55	88
55	90
55	94
55	95
55	98
56	57
56	58
56	62
56	63
56	66
56	67
56	71
56	73
56	82
56	84
56	85
56	86
56	87
56	89
56	92
56	97
57	58
57	59
57	61
57	65
57	69
57	70
57	72
57	74
57	75
57	79
57	81
57	83
57	85
57	87
57	88
57	89
57	90
57	91
57	93
57	95
57	96
58	60
58	62
58	63
58	64
58	65
58	67
58	69
58	71
58	72
58	80
58	83
58	84
58	86
58	88
58	91
58	93
58	95
58	96
58	97
59	70
59	71
59	77
59	80
59	81
59	84
59	86
59	92
59	93
59	96
59	99
60	62
60	64
60	66
60	74
60	75
60	79
60	82
60	84
60	85
60	87
60	89
60	92
60	96
60	97
60	98
61	63
61	64
61	66
61	68
61	69
61	70
61	71
61	73
61	74
61	76
61	77
61	78
61	79
61	82
61	83
61	87
61	88
61	91
61	93
61	94
61	98
62	67
62	70
62	73
62	75
62	77
62	80
62	82
62	87
62	88
62	91
62	93
62	94
62	96
63	65
63	66
63	68
63	70
63	73
63	75
63	80
63	81
63	83
63	84
63	86
63	88
63	89
63	90
63	91
63	94
63	95
63	97
64	66
64	71
64	80
64	81
64	86
64	90
64	92
64	95
65	71
65	72
65	73
65	75
65	78
65	80
65	81
65	82
65	84
65	86
65	87
65	88
65	91
65	93
65	94
65	96
66	67
66	70
66	73
66	74
66	76
66	78
66	79
66	81
66	82
66	83
66	84
66	90
66	94
66	95
66	97
66	98
66	99
67	68
67	69
67	70
67	72
67	79
67	80
67	82
67	83
67	85
67	94
67	97
67	99
68	76
68	79
68	82
68	83
68	84
68	94
68	95
68	96
68	98
68	99
69	70
69	71
69	76
69	81
69	85
69	87
69	88
69	89
69	90
69	95
69	96
69	97
70	73
70	77
70	80
70	81
70	82
70	83
70	85
70	91
70	93
70	95
70	96
70	97
71	73
71	74
71	77
71	79
71	82
71	84
71	85
71	86
71	87
71	89
71	96
72	73
72	74
72	82
72	89
72	92
72	97
73	74
73	76
73	77
73	83
73	85
73	86
73	88
73	92
73	96
73	98
74	75
74	77
74	85
74	90
74	91
75	79
75	83
75	84
75	86
75	95
75	97
76	77
76	81
76	83
76	85
76	86
76	89
76	90
76	91
76	94
76	98
77	79
77	92
77	94
77	97
77	99
78	80
78	82
78	93
78	94
78	95
78	96
78	97
78	99
79	83
79	86
79	88
79	90
79	94
79	96
79	98
79	99
80	81
80	82
80	85
80	86
80	87
80	88
80	89
80	91
80	92
80	94
80	99
81	82
81	87
81	90
81	92
81	94
81	95
81	99
82	83
82	87
82	92
82	93
82	94
82	96
82	97
83	84
83	87
83	89
83	91
83	94
84	85
84	87
84	90
84	95
84	96
84	98
85	89
85	91
85	92
85	94
85	95
85	97
85	98
86	87
86	90
86	92
86	99
87	89
87	92
87	97
87	98
88	96
88	99
89	94
89	97
89	98
90	91
90	96
90	97
91	92
91	94
91	99
92	98
92	99
93	98
95	96
95	97
95	98
95	99
96	97
96	98
97	98
98	99
