0	2
0	4
0	7
0	16
0	17
0	21
0	22
0	24
0	25
0	26
0	27
0	28
0	30
0	36
0	38
0	39
0	42
0	43
0	46
0	49
0	50
0	55
0	59
0	62
0	65
0	67
0	68
0	72
0	73
0	74
0	78
0	88
0	90
0	92
0	94
0	96
0	97
1	3
1	5
1	10
1	14
1	15
1	18
1	20
1	22
1	24
1	25
1	28
1	30
1	34
1	37
1	40
1	41
1	48
1	51
1	55
1	56
1	57
1	60
1	62
1	64
1	65
1	66
1	67
1	69
1	72
1	84
1	85
1	99
2	5
2	6
2	7
2	13
2	16
2	23
2	24
2	25
2	28
2	30
2	31
2	37
2	39
2	43
2	50
2	51
2	59
2	62
2	67
2	70
2	71
2	73
2	76
2	79
2	81
2	84
2	85
2	86
2	88
2	92
2	93
2	94
2	96
2	99
3	10
3	15
3	17
3	18
3	20
3	21
3	26
3	30
3	31
3	35
3	36
3	38
3	40
3	41
3	42
3	43
3	45
3	49
3	50
3	51
3	54
3	55
3	56
3	57
3	58
3	60
3	65
3	67
3	68
3	70
3	72
3	75
3	77
3	78
3	80
3	81
3	85
3	87
3	89
3	94
3	95
4	6
4	7
4	9
4	13
4	15
4	17
4	19
4	23
4	24
4	27
4	28
4	31
4	33
4	38
4	39
4	42
4	43
4	51
4	52
4	56
4	61
4	62
4	67
4	69
4	74
4	75
4	81
4	83
4	84
4	85
4	91
4	92
4	96
4	99
5	6
5	8
5	11
5	13
5	15
5	17
5	20
5	23
5	27
5	31
5	35
5	36
5	41
5	42
5	46
5	49
5	52
5	53
5	54
5	58
5	67
5	68
5	71
5	73
5	77
5	79
5	85
5	86
5	89
5	90
5	91
5	93
5	97
5	99
6	11
6	12
6	15
6	17
6	22
6	25
6	28
6	29
6	31
6	34
6	37
6	46
6	47
6	50
6	54
6	57
6	58
6	59
6	60
6	61
6	65
6	67
6	69
6	71
6	74
6	76
6	77
6	80
6	81
6	85
6	86
6	90
6	92
6	93
6	94
6	96
6	99
7	12
7	14
7	16
7	19
7	23
7	27
7	30
7	34
7	36
7	45
7	47
7	50
7	52
7	56
7	57
7	59
7	66
7	70
7	72
7	73
7	77
7	78
7	79
7	80
7	86
7	89
7	92
7	94
7	95
7	96
7	97
7	98
7	99
8	12
8	20
8	21
8	22
8	25
8	30
8	32
8	33
8	36
8	38
8	43
8	44
8	45
8	48
8	51
8	53
8	54
8	57
8	58
8	59
8	71
8	76
8	80
8	81
8	84
8	85
8	86
8	88
8	91
8	93
8	95
8	97
8	98
9	11
9	12
9	14
9	15
9	18
9	21
9	24
9	26
9	27
9	31
9	37
9	44
9	47
9	48
9	49
9	53
9	55
9	61
9	63
9	65
9	66
9	68
9	70
9	74
9	75
9	78
9	79
9	84
9	85
9	87
9	89
9	94
9	96
10	13
10	15
10	18
10	19
10	20
10	21
10	22
10	24
10	32
10	38
10	39
10	40
10	41
10	42
10	46
10	48
10	51
10	53
10	54
10	55
10	56
10	57
10	61
10	66
10	70
10	72
10	74
10	76
10	84
10	91
10	99
11	12
11	16
11	19
11	24
11	28
11	34
11	38
11	40
11	41
11	43
11	44
11	46
11	50
11	54
11	56
11	57
11	58
11	60
11	63
11	64
11	68
11	69
11	74
11	78
11	81
11	87
11	88
11	92
11	96
11	97
11	99
12	17
12	25
12	26
12	28
12	33
12	34
12	38
12	40
12	41
12	43
12	44
12	49
12	50
12	51
12	52
12	53
12	57
12	60
12	61
12	62
12	65
12	66
12	67
12	73
12	74
12	75
12	76
12	80
12	82
12	83
12	85
12	87
12	88
12	92
12	94
12	95
12	99
13	17
13	20
13	22
13	24
13	26
13	27
13	30
13	34
13	40
13	45
13	47
13	57
13	58
13	59
13	67
13	69
13	70
13	71
13	74
13	75
13	76
13	77
13	84
13	90
13	94
13	96
13	97
14	16
14	20
14	22
14	23
14	26
14	37
14	44
14	45
14	47
14	51
14	52
14	53
14	54
14	58
14	59
14	61
14	62
14	63
14	66
14	70
14	74
14	78
14	79
14	80
14	85
14	89
14	90
15	16
15	17
15	19
15	21
15	23
15	25
15	29
15	31
15	32
15	39
15	41
15	48
15	58
15	59
15	61
15	63
15	64
15	65
15	66
15	74
15	75
15	77
15	85
15	89
15	90
15	91
15	93
15	97
15	98
16	19
16	24
16	25
16	27
16	31
16	33
16	34
16	39
16	49
16	52
16	53
16	56
16	58
16	59
16	62
16	63
16	65
16	69
16	71
16	72
16	74
16	76
16	79
16	81
16	82
16	84
16	87
16	90
16	93
16	94
16	95
16	96
16	97
17	19
17	21
17	22
17	24
17	28
17	29
17	32
17	39
17	40
17	42
17	45
17	46
17	50
17	57
17	61
17	69
17	70
17	76
17	78
17	80
17	84
17	87
17	92
17	95
17	96
17	99
18	22
18	23
18	27
18	30
18	31
18	32
18	33
18	34
18	38
18	41
18	43
18	44
18	45
18	51
18	52
18	55
18	56
18	61
18	62
18	63
18	64
18	65
18	66
18	69
18	78
18	80
18	81
18	83
18	84
18	85
18	87
18	88
18	91
18	97
18	98
19	20
19	28
19	29
19	31
19	32
19	44
19	45
19	47
19	48
19	54
19	55
19	57
19	58
19	60
19	61
19	64
19	67
19	69
19	70
19	75
19	77
19	79
19	82
19	84
19	87
19	88
19	90
19	94
19	96
19	99
20	22
20	24
20	25
20	26
20	29
20	32
20	33
20	39
20	42
20	44
20	49
20	51
20	57
20	60
20	61
20	63
20	65
20	69
20	72
20	73
20	74
20	77
20	79
20	81
20	84
20	86
20	88
20	92
20	94
20	95
20	98
21	22
21	23
21	25
21	27
21	29
21	30
21	32
21	33
21	34
21	35
21	36
21	38
21	43
21	46
21	47
21	48
21	50
21	52
21	53
21	55
21	56
21	60
21	63
21	64
21	68
21	74
21	76
21	77
21	80
21	82
21	84
21	85
21	95
22	23
22	24
22	27
22	29
22	32
22	35
22	45
22	47
22	49
22	50
22	51
22	52
22	53
22	57
22	63
22	64
22	65
22	68
22	72
22	76
22	77
22	80
22	85
22	86
22	90
22	93
22	94
22	95
22	97
22	98
23	27
23	32
23	34
23	37
23	39
23	41
23	43
23	44
23	45
23	46
23	47
23	51
23	53
23	60
23	61
23	65
23	66
23	70
23	72
23	84
23	85
23	88
23	91
23	94
23	97
23	98
23	99
24	25
24	27
24	29
24	30
24	33
24	40
24	46
24	47
24	54
24	55
24	58
24	64
24	65
24	68
24	70
24	71
24	74
24	75
24	77
24	80
24	81
24	82
24	91
24	93
24	95
24	96
24	97
24	98
24	99
25	28
25	30
25	31
25	34
25	37
25	38
25	40
25	47
25	50
25	51
25	52
25	57
25	58
25	59
25	62
25	65
25	68
25	71
25	74
25	77
25	78
25	84
25	89
25	91
25	94
26	27
26	28
26	30
26	32
26	34
26	36
26	38
26	46
26	49
26	51
26	53
26	57
26	60
26	63
26	65
26	69
26	70
26	75
26	77
26	78
26	84
26	88
26	89
26	90
26	92
26	94
27	31
27	35
27	36
27	38
27	40
27	41
27	44
27	48
27	49
27	50
27	51
27	57
27	58
27	59
27	60
27	64
27	67
27	69
27	71
27	74
27	75
27	76
27	77
27	79
27	83
27	87
27	89
27	92
27	93
27	95
27	96
27	97
28	32
28	33
28	34
28	37
28	39
28	41
28	44
28	45
28	50
28	54
28	55
28	56
28	59
28	60
28	61
28	63
28	65
28	66
28	67
28	72
28	79
28	80
28	81
28	84
28	86
28	88
28	89
28	93
28	95
28	96
28	98
28	99
29	31
29	33
29	34
29	36
29	40
29	47
29	49
29	56
29	57
29	63
29	68
29	69
29	71
29	72
29	74
29	75
29	77
29	78
29	79
29	80
29	84
29	85
29	86
29	88
29	92
29	93
29	95
29	97
29	98
30	31
30	32
30	33
30	35
30	36
30	37
30	38
30	39
30	40
30	43
30	46
30	47
30	49
30	55
30	57
30	58
30	59
30	61
30	77
30	80
30	81
30	83
30	85
30	87
30	89
30	93
30	97
30	99
31	33
31	35
31	36
31	39
31	41
31	43
31	45
31	46
31	48
31	51
31	52
31	54
31	60
31	64
31	66
31	70
31	71
31	73
31	76
31	82
31	83
31	87
31	88
31	90
31	92
31	97
31	98
32	34
32	35
32	39
32	42
32	43
32	45
32	48
32	66
32	68
32	71
32	73
32	74
32	75
32	77
32	80
32	83
32	88
32	90
32	91
32	92
32	98
32	99
33	37
33	43
33	44
33	45
33	48
33	49
33	54
33	56
33	57
33	60
33	61
33	67
33	72
33	78
33	81
33	82
33	87
33	89
33	91
33	95
33	96
33	97
33	98
34	35
34	36
34	38
34	43
34	45
34	46
34	48
34	52
34	55
34	56
34	57
34	58
34	66
34	69
34	71
34	73
34	78
34	80
34	81
34	85
34	87
34	88
34	90
34	93
34	95
34	97
34	98
35	38
35	39
35	45
35	46
35	47
35	49
35	50
35	52
35	53
35	61
35	62
35	63
35	64
35	69
35	72
35	73
35	79
35	80
35	82
35	86
35	89
35	90
35	91
35	97
35	98
35	99
36	38
36	40
36	41
36	42
36	44
36	45
36	49
36	50
36	54
36	55
36	57
36	58
36	62
36	63
36	64
36	65
36	66
36	68
36	70
36	71
36	75
36	76
36	81
36	86
36	88
36	95
36	97
36	99
37	40
37	42
37	43
37	50
37	51
37	52
37	56
37	63
37	64
37	66
37	70
37	71
37	73
37	74
37	75
37	76
37	79
37	80
37	81
37	83
37	85
37	92
37	93
37	95
37	96
37	99
38	39
38	40
38	41
38	43
38	44
38	47
38	48
38	49
38	51
38	53
38	54
38	55
38	56
38	57
38	58
38	59
38	64
38	66
38	68
38	73
38	77
38	78
38	81
38	82
38	84
38	87
38	90
38	91
38	92
38	96
38	98
38	99
39	40
39	43
39	46
39	47
39	48
39	49
39	50
39	51
39	52
39	56
39	58
39	67
39	68
39	70
39	71
39	73
39	77
39	78
39	82
39	83
39	92
39	94
39	97
40	41
40	43
40	45
40	46
40	47
40	51
40	54
40	55
40	56
40	58
40	62
40	66
40	70
40	73
40	75
40	76
40	79
40	80
40	81
40	84
40	87
40	89
40	91
40	95
40	97
40	99
41	42
41	43
41	48
41	54
41	57
41	60
41	70
41	71
41	76
41	81
41	83
41	85
41	87
41	92
41	93
41	95
41	97
41	99
42	49
42	51
42	53
42	54
42	55
42	56
42	58
42	63
42	66
42	67
42	68
42	70
42	74
42	75
42	76
42	77
42	80
42	84
42	85
42	86
42	89
42	92
42	96
42	99
43	46
43	49
43	50
43	54
43	59
43	60
43	65
43	74
43	75
43	83
43	87
43	88
43	89
43	90
43	91
43	92
43	93
43	94
43	96
43	98
44	45
44	48
44	49
44	53
44	56
44	58
44	61
44	63
44	64
44	65
44	66
44	71
44	79
44	80
44	82
44	84
44	86
44	88
44	91
44	93
44	94
44	98
45	48
45	50
45	56
45	59
45	63
45	65
45	66
45	68
45	70
45	71
45	74
45	77
45	81
45	83
45	86
45	89
45	92
45	93
45	95
45	97
45	98
46	47
46	52
46	56
46	57
46	58
46	61
46	62
46	63
46	64
46	69
46	70
46	71
46	72
46	77
46	82
46	85
46	88
46	90
46	96
47	49
47	52
47	55
47	56
47	60
47	61
47	62
47	63
47	66
47	67
47	70
47	80
47	82
47	83
47	86
47	89
47	91
47	95
47	96
47	98
47	99
48	50
48	55
48	63
48	65
48	70
48	75
48	76
48	80
48	81
48	82
48	83
48	86
48	87
48	88
48	93
48	95
48	99
49	53
49	55
49	60
49	62
49	66
49	67
49	70
49	72
49	73
49	75
49	79
49	82
49	89
49	92
49	96
49	97
49	99
50	52
50	54
50	58
50	59
50	66
50	70
50	71
50	76
50	78
50	79
50	80
50	81
50	83
50	86
50	87
50	88
50	90
50	92
50	93
50	94
51	56
51	60
51	71
51	72
51	76
51	77
51	79
51	80
51	84
51	85
51	86
51	88
51	89
51	91
51	96
52	55
52	60
52	62
52	63
52	67
52	69
52	71
52	74
52	79
52	81
52	83
52	84
52	85
52	92
52	95
52	98
52	99
53	54
53	56
53	57
53	60
53	61
53	62
53	63
53	65
53	68
53	71
53	74
53	76
53	78
53	81
53	82
53	84
53	90
53	93
53	96
53	97
54	57
54	59
54	60
54	61
54	63
54	65
54	66
54	67
54	68
54	72
54	73
54	77
54	78
54	80
54	81
54	82
54	83
54	87
54	90
54	95
55	58
55	59
55	60
55	61
55	63
55	65
55	68
55	70
55	71
55	72
55	74
55	76
55	77
55	80
55	81
55	84
55	87
55	89
55	90
55	91
56	60
56	61
56	66
56	67
56	68
56	69
56	73
56	74
56	79
56	81
56	85
56	86
56	87
56	89
56	92
56	95
56	96
57	61
57	62
57	73
57	74
57	77
57	79
57	81
57	84
57	86
57	87
57	88
57	93
57	94
57	96
57	97
57	98
57	99
58	60
58	61
58	62
58	63
58	64
58	66
58	68
58	70
58	71
58	76
58	82
58	84
58	86
58	87
58	89
58	90
58	93
58	94
58	96
59	60
59	61
59	62
59	68
59	70
59	82
59	87
59	92
59	96
59	98
60	67
60	69
60	70
60	72
60	74
60	76
60	81
60	82
60	84
60	89
60	90
60	93
60	96
60	97
61	65
61	68
61	71
61	72
61	75
61	79
61	84
61	85
61	86
61	88
61	90
61	91
61	96
61	99
62	65
62	66
62	68
62	69
62	72
62	73
62	75
62	78
62	79
62	84
62	89
62	91
62	94
62	95
62	96
62	97
62	98
63	64
63	67
63	70
63	74
63	76
63	77
63	80
63	83
63	86
63	87
63	88
63	90
63	91
63	93
63	96
63	97
63	98
64	74
64	75
64	76
64	77
64	80
64	81
64	84
64	87
64	92
65	68
65	69
65	75
65	77
65	80
65	83
65	87
65	88
65	92
65	95
65	96
65	98
65	99
66	67
66	70
66	75
66	77
66	80
66	82
66	86
66	89
66	93
66	94
66	99
67	68
67	73
67	75
67	78
67	82
67	87
67	88
67	94
67	98
68	69
68	75
68	80
68	85
68	87
68	88
68	92
68	94
68	95
68	99
69	70
69	71
69	76
69	78
69	82
69	87
69	98
70	71
70	72
70	73
70	77
70	78
70	82
70	85
70	87
70	89
70	90
70	95
70	98
71	73
71	80
71	84
71	86
71	88
71	92
71	94
71	96
71	97
71	98
72	73
72	74
72	82
72	83
72	84
72	96
73	74
73	75
73	77
73	79
73	80
73	82
73	83
73	84
73	86
73	90
73	91
73	93
73	97
73	99
74	76
74	79
74	80
74	86
74	89
74	90
74	91
74	99
75	76
75	82
75	83
75	87
75	88
75	90
75	91
75	93
75	95
76	80
76	82
76	85
76	86
76	88
76	90
76	93
76	97
76	98
77	78
77	79
77	82
77	83
77	85
77	87
77	88
77	89
77	90
77	93
77	94
77	96
78	81
78	82
78	85
78	86
78	88
78	90
78	92
78	94
78	95
78	96
78	99
79	80
79	90
79	91
79	93
79	94
79	95
79	96
79	97
79	99
80	84
80	87
80	90
80	92
80	94
80	95
80	99
81	83
81	84
81	94
81	95
81	97
82	85
82	89
82	92
82	95
82	96
82	98
83	84
83	85
83	86
83	88
83	91
83	92
83	95
83	96
84	94
84	97
85	86
85	95
85	96
85	99
86	87
86	88
86	91
86	92
86	96
86	99
87	91
87	95
87	98
88	91
88	93
88	94
88	96
89	94
90	91
90	92
90	95
90	98
91	92
91	93
92	95
92	98
93	95
93	97
93	98
94	95
94	97
94	99
95	99
96	97
97	98
97	99
